1522279456.948347 0.9997262954711914 0.018310997635126114 -0.014562997967004776 -0.01914442703127861 -0.01810624450445175 0.999737024307251 0.014069370925426483 0.0007845685468055308 0.014816793613135815 -0.01380183920264244 0.9997949600219727 -0.002285644644871354
1522279457.048347 0.9994556903839111 0.027075758203864098 -0.018846474587917328 -0.02971589006483555 -0.026798829436302185 0.9995313286781311 0.014794498682022095 -0.0006435099057853222 0.019238214939832687 -0.014281384646892548 0.9997128844261169 -0.0033246618695557117
1522279457.148347 0.9994285702705383 0.03141731768846512 -0.012463212944567204 -0.05231840908527374 -0.03133217245340347 0.9994847178459167 0.006968898698687553 0.0034540591295808554 0.012675737030804157 -0.006574417930096388 0.9998979568481445 -0.004392667673528194
1522279457.2483468 0.9993171095848083 0.03160370886325836 -0.019145144149661064 -0.053633321076631546 -0.03149249404668808 0.999485433101654 0.006083275657147169 0.005240636877715588 0.019327547401189804 -0.005476192571222782 0.9997981786727905 -0.00596562959253788
1522279457.3483467 0.9991088509559631 0.03690322861075401 -0.020495984703302383 -0.06706725805997849 -0.036781806498765945 0.9993036389350891 0.006270441226661205 0.0068079628981649876 0.020713115110993385 -0.00551097234711051 0.9997702240943909 -0.010657367296516895
1522279457.4483466 0.9990512132644653 0.03925609961152077 -0.018861845135688782 -0.08163962513208389 -0.03912157192826271 0.9992067217826843 0.00744897173717618 0.008697425946593285 0.019139301031827927 -0.006703999359160662 0.9997943043708801 -0.01394322607666254
1522279457.5483465 0.9991956949234009 0.03512892872095108 -0.01934005320072174 -0.09270180761814117 -0.03492305427789688 0.9993309378623962 0.010881448164582253 0.011771611869335175 0.01970936357975006 -0.010197282768785954 0.9997537136077881 -0.016045620664954185
1522279457.6483464 0.9990015029907227 0.036944661289453506 -0.02512054517865181 -0.10352730751037598 -0.03659330680966377 0.9992278814315796 0.014305658638477325 0.016562363132834435 0.025629665702581406 -0.013372129760682583 0.9995821118354797 -0.015946039929986
1522279457.7483463 0.9987386465072632 0.03919427841901779 -0.0313844159245491 -0.11179929226636887 -0.038466375321149826 0.998984158039093 0.023470867425203323 0.01750093512237072 0.03227246180176735 -0.02223401889204979 0.9992318153381348 -0.015629319474101067
1522279457.8483462 0.9986071586608887 0.03748893365263939 -0.03712759166955948 -0.11746905744075775 -0.036310888826847076 0.9988307952880859 0.031911496073007584 0.01575523614883423 0.038280509412288666 -0.03051890805363655 0.9988008737564087 -0.013286352157592773
1522279457.9483461 0.9984681010246277 0.038993556052446365 -0.03925600275397301 -0.12855279445648193 -0.03761665150523186 0.9986711740493774 0.035223063081502914 0.01879422552883625 0.04057731106877327 -0.03369241952896118 0.9986081719398499 -0.013194888830184937
1522279458.048346 0.9983012080192566 0.042585063725709915 -0.03976600617170334 -0.14323195815086365 -0.04096680507063866 0.9983328580856323 0.04065922275185585 0.021556036546826363 0.04143118858337402 -0.03896107152104378 0.9983814358711243 -0.012961708009243011
1522279458.148346 0.9980500340461731 0.04745220020413399 -0.04055285081267357 -0.16080254316329956 -0.04551912099123001 0.9978415369987488 0.04733104258775711 0.023942288011312485 0.0427112877368927 -0.04539281874895096 0.9980557560920715 -0.011941378936171532
1522279458.2483459 0.9969256520271301 0.05747058615088463 -0.05325822904706001 -0.16804713010787964 -0.05459650233387947 0.9970507025718689 0.05393422022461891 0.020280003547668457 0.0562007874250412 -0.0508606918156147 0.9971232414245605 -0.011513397097587585
1522279458.3483458 0.9961065649986267 0.06543120741844177 -0.05908007547259331 -0.17823892831802368 -0.06253780424594879 0.9968110918998718 0.04956375062465668 0.032139502465724945 0.06213467940688133 -0.04567604139447212 0.9970221519470215 -0.008259553462266922
1522279458.4483457 0.9946850538253784 0.07618594914674759 -0.06926355510950089 -0.17958630621433258 -0.07190202921628952 0.9954595565795898 0.06237279251217842 0.028521602973341942 0.07370099425315857 -0.057061098515987396 0.995646595954895 -0.004807105287909508
1522279458.5483456 0.9931578040122986 0.09065504372119904 -0.0736173689365387 -0.18942536413669586 -0.08572821319103241 0.9940268397331238 0.06753730028867722 0.0297249648720026 0.07930023223161697 -0.06076410040259361 0.9949970245361328 -0.0023451335728168488
1522279458.6483455 0.9918472766876221 0.10388152301311493 -0.07380885630846024 -0.20002864301204681 -0.09855439513921738 0.9924880862236023 0.07248815894126892 0.031074106693267822 0.08078457415103912 -0.06462299078702927 0.9946345090866089 -0.0008802488446235657
1522279458.7483454 0.9909138679504395 0.11310140043497086 -0.07278643548488617 -0.21143636107444763 -0.10767041891813278 0.9913792610168457 0.07466069608926773 0.03512239828705788 0.08060318231582642 -0.06614536046981812 0.9945491552352905 0.001149497926235199
1522279458.8483453 0.989467203617096 0.12456867098808289 -0.07373947650194168 -0.22215695679187775 -0.1181129440665245 0.9892469644546509 0.08625366538763046 0.03387228399515152 0.08369104564189911 -0.07663556933403015 0.9935405850410461 0.0025024693459272385
1522279458.9483452 0.9879843592643738 0.13299375772476196 -0.07873867452144623 -0.2339034527540207 -0.12564904987812042 0.9878119826316833 0.09186772257089615 0.0309763066470623 0.0899968296289444 -0.08087041974067688 0.9926532506942749 0.004844127222895622
1522279459.048345 0.9872156381607056 0.13450083136558533 -0.0855267271399498 -0.2418728768825531 -0.12661918997764587 0.9877001047134399 0.09173803776502609 0.0378243550658226 0.0968136191368103 -0.0797358974814415 0.9921034574508667 0.004123678430914879
1522279459.148345 0.9861200451850891 0.13927516341209412 -0.0903870016336441 -0.25111234188079834 -0.1299603134393692 0.9862731099128723 0.10186075419187546 0.03591421619057655 0.10333295166492462 -0.08870019763708115 0.9906838536262512 0.006878489628434181
1522279459.248345 0.9856806993484497 0.1389559954404831 -0.09552367776632309 -0.26285645365715027 -0.12867270410060883 0.9859515428543091 0.10650366544723511 0.032706234604120255 0.10898102819919586 -0.09268731623888016 0.9897131323814392 0.0063119325786828995
1522279459.3483448 0.9846055507659912 0.14068356156349182 -0.10373077541589737 -0.27017590403556824 -0.129985973238945 0.9860929250717163 0.10355779528617859 0.03342520073056221 0.11685705929994583 -0.08848003298044205 0.9891995191574097 0.007848227396607399
1522279459.4483447 0.9834500551223755 0.14414571225643158 -0.10976331681013107 -0.2793920636177063 -0.13344092667102814 0.9860649704933167 0.09934587776660919 0.03457135707139969 0.12255401164293289 -0.08305476605892181 0.9889805316925049 0.005322158336639404
1522279459.5483446 0.9821375012397766 0.14661681652069092 -0.11793863028287888 -0.2894887924194336 -0.13562710583209991 0.9860596060752869 0.09639324992895126 0.03861408680677414 0.13042736053466797 -0.07867572456598282 0.9883312582969666 0.005854792892932892
1522279459.6483445 0.9796155691146851 0.15469802916049957 -0.12814828753471375 -0.29880765080451965 -0.14282476902008057 0.984961748123169 0.09721779078245163 0.03819218650460243 0.14126057922840118 -0.07693329453468323 0.9869785308837891 0.004057008773088455
1522279459.7483444 0.9771541953086853 0.16020461916923523 -0.13965702056884766 -0.30799272656440735 -0.1478656679391861 0.9844616055488586 0.09471571445465088 0.04503164812922478 0.15266084671020508 -0.0719013512134552 0.9856595396995544 0.0009878501296043396
1522279459.8483443 0.9743911623954773 0.16996364295482635 -0.14722199738025665 -0.3186245858669281 -0.15550662577152252 0.9822629690170288 0.10477184504270554 0.04709692671895027 0.16241808235645294 -0.07919477671384811 0.9835388660430908 0.001166265457868576
1522279459.9483442 0.9702808856964111 0.1836225539445877 -0.15760022401809692 -0.3296647071838379 -0.16675885021686554 0.9793410301208496 0.11437928676605225 0.04503869637846947 0.1753469705581665 -0.08469881117343903 0.9808566570281982 0.0024285688996315002
1522279460.0483441 0.9672664999961853 0.19070155918598175 -0.16741685569286346 -0.34257906675338745 -0.17206911742687225 0.977792501449585 0.1196407899260521 0.044369786977767944 0.18651466071605682 -0.08691725879907608 0.9785997867584229 -0.0037647895514965057
1522279460.148344 0.9639410972595215 0.1983589380979538 -0.1774015724658966 -0.35157638788223267 -0.17840078473091125 0.9763281345367432 0.12229644507169724 0.049525268375873566 0.19746077060699463 -0.08623799681663513 0.9765101671218872 -0.00511980801820755
1522279460.248344 0.9597473740577698 0.20971187949180603 -0.18683119118213654 -0.35896849632263184 -0.18739072978496552 0.9736143946647644 0.1302286833524704 0.05502120405435562 0.209212064743042 -0.0899762213230133 0.9737219214439392 -0.004756361246109009
1522279460.3483438 0.9567437171936035 0.21777279675006866 -0.19291551411151886 -0.3656192123889923 -0.1918179988861084 0.9707327485084534 0.14451155066490173 0.04982251673936844 0.2187400758266449 -0.1012558564543724 0.9705151915550232 -0.0023769214749336243
1522279460.4483438 0.9544954895973206 0.22306400537490845 -0.19794078171253204 -0.37177273631095886 -0.19689105451107025 0.9698626399040222 0.14352712035179138 0.04846072569489479 0.22399112582206726 -0.09802322089672089 0.9696491360664368 -0.001918114721775055
1522279460.5483437 0.9529131054878235 0.22704268991947174 -0.2010175883769989 -0.3776995539665222 -0.201079323887825 0.9692900776863098 0.14157527685165405 0.054086893796920776 0.2269880175590515 -0.09448844939470291 0.9693030714988708 -0.006489738821983337
1522279460.6483436 0.9516750574111938 0.2311253845691681 -0.2022261768579483 -0.38382548093795776 -0.2033672034740448 0.967706024646759 0.1489517241716385 0.05448116362094879 0.23012207448482513 -0.10062745958566666 0.9679450988769531 -0.004249215126037598
1522279460.7483435 0.950292706489563 0.23403333127498627 -0.2053583264350891 -0.3880985677242279 -0.20545198023319244 0.966916024684906 0.1512044072151184 0.05383425951004028 0.23395119607448578 -0.10149717330932617 0.9669358134269714 -0.0036712437868118286
1522279460.8483434 0.9489759802818298 0.23564016819000244 -0.20956692099571228 -0.38960328698158264 -0.20673727989196777 0.9667031168937683 0.15081290900707245 0.05557502061128616 0.23812668025493622 -0.09979250282049179 0.9660935997962952 -0.004155926406383514
1522279460.9483433 0.9484018683433533 0.24102336168289185 -0.20601330697536469 -0.3952959477901459 -0.21242530643939972 0.9653621912002563 0.15149645507335663 0.057339273393154144 0.23539167642593384 -0.09991707652807236 0.9667508006095886 -0.004607900977134705
1522279461.0483432 0.9467695355415344 0.245141863822937 -0.2086450755596161 -0.39802107214927673 -0.21530137956142426 0.9640529751777649 0.15571409463882446 0.05741274356842041 0.23931698501110077 -0.10250381380319595 0.9655154943466187 -0.003787092864513397
1522279461.148343 0.9455237984657288 0.24544772505760193 -0.2138696014881134 -0.39627817273139954 -0.21471507847309113 0.9639688730239868 0.15703874826431274 0.05644609034061432 0.24470849335193634 -0.10256286710500717 0.9641569256782532 -0.004452824592590332
1522279461.248343 0.9450133442878723 0.2462112009525299 -0.215243861079216 -0.3964754343032837 -0.21489214897155762 0.9636392593383789 0.15880993008613586 0.05671529844403267 0.24651825428009033 -0.10382330417633057 0.9635608196258545 -0.004349306225776672
1522279461.348343 0.9428329467773438 0.24784915149211884 -0.22279320657253265 -0.3947029411792755 -0.2163524180650711 0.9636913537979126 0.15649451315402985 0.060782164335250854 0.2534909248352051 -0.0993463397026062 0.9622227549552917 0.0031735673546791077
1522279461.4483428 0.9422433376312256 0.2499275803565979 -0.22296573221683502 -0.3879172205924988 -0.21899686753749847 0.9634234309196472 0.15445289015769958 0.06367535144090652 0.2534124255180359 -0.0967034325003624 0.9625126123428345 0.004490993916988373
1522279461.5483427 0.944456160068512 0.24842865765094757 -0.21514128148555756 -0.38114070892333984 -0.21782992780208588 0.9634051322937012 0.15620730817317963 0.06237023323774338 0.24607455730438232 -0.10066671669483185 0.9640090465545654 0.007467038929462433
1522279461.6483426 0.9489532113075256 0.24299027025699615 -0.20110581815242767 -0.3800179958343506 -0.21513763070106506 0.9648889899253845 0.15068219602108002 0.0634579136967659 0.23065908253192902 -0.09972488880157471 0.967910647392273 0.0073480382561683655
1522279461.7483425 0.9506712555885315 0.2374551147222519 -0.1995973289012909 -0.3710087239742279 -0.20908784866333008 0.9658305048942566 0.1531461924314499 0.06366786360740662 0.22914256155490875 -0.1038583293557167 0.9678362607955933 0.005456060171127319
1522279461.8483424 0.9524745941162109 0.23109476268291473 -0.1984618902206421 -0.36188456416130066 -0.20185960829257965 0.9667587876319885 0.15694032609462738 0.059811100363731384 0.22813284397125244 -0.10942025482654572 0.9674619436264038 0.009467728435993195
1522279461.9483423 0.9537572860717773 0.22883988916873932 -0.19488270580768585 -0.3545873165130615 -0.2009817510843277 0.967631459236145 0.1526295393705368 0.058287784457206726 0.22350235283374786 -0.10640367865562439 0.9688781499862671 0.010872632265090942
1522279462.0483422 0.9545059204101562 0.22791951894760132 -0.19227910041809082 -0.34210914373397827 -0.20167572796344757 0.9683970212936401 0.14674437046051025 0.05747196078300476 0.21964843571186066 -0.10129030048847198 0.9703064560890198 0.014920882880687714
1522279462.1483421 0.95880526304245 0.22049516439437866 -0.17909304797649384 -0.33142465353012085 -0.1967105269432068 0.9702144861221313 0.14138171076774597 0.05599723383784294 0.20493268966674805 -0.10032804310321808 0.9736203551292419 0.012827105820178986
1522279462.248342 0.9613261222839355 0.2194640189409256 -0.1663958579301834 -0.3318910300731659 -0.1974460333585739 0.9703869223594666 0.13915574550628662 0.054324958473443985 0.19200804829597473 -0.10091984272003174 0.976190447807312 0.01352611929178238
1522279462.348342 0.9619559049606323 0.21377795934677124 -0.17011725902557373 -0.3175259232521057 -0.1927705854177475 0.972345769405365 0.13184583187103271 0.050805382430553436 0.19359852373600006 -0.09403623640537262 0.9765638113021851 0.01727026328444481
1522279462.4483418 0.9665183424949646 0.2038949429988861 -0.15578579902648926 -0.31470760703086853 -0.186439648270607 0.9751591086387634 0.1196041852235794 0.05453966557979584 0.17630264163017273 -0.08655497431755066 0.9805231690406799 0.009679608047008514
1522279462.5483418 0.9650872349739075 0.20381903648376465 -0.16451291739940643 -0.30484119057655334 -0.1832701712846756 0.9741848707199097 0.13181765377521515 0.05016101151704788 0.18713292479515076 -0.09706518799066544 0.9775272607803345 0.01012374460697174
1522279462.6483417 0.9645958542823792 0.1966782957315445 -0.17570604383945465 -0.28919717669487 -0.17392556369304657 0.9752117991447449 0.13679154217243195 0.040823522955179214 0.1982545405626297 -0.10138875246047974 0.9748925566673279 0.015347696840763092
1522279462.7483416 0.9651617407798767 0.1960417926311493 -0.17329293489456177 -0.2855713665485382 -0.17628377676010132 0.9766231775283813 0.12300893664360046 0.045377202332019806 0.19335675239562988 -0.08817476779222488 0.9771583080291748 0.011545564979314804
1522279462.8483415 0.959858775138855 0.2060738205909729 -0.19027557969093323 -0.2668355405330658 -0.1842813789844513 0.9747552275657654 0.1260666400194168 0.04371193051338196 0.21145109832286835 -0.08594191074371338 0.9736027717590332 0.016595128923654556
1522279462.9483414 0.959909975528717 0.20284132659435272 -0.19346410036087036 -0.24151727557182312 -0.18187591433525085 0.975877583026886 0.12076542526483536 0.038569942116737366 0.21329344809055328 -0.08073747158050537 0.973646342754364 0.026231199502944946
1522279463.0483413 0.9661897420883179 0.19951371848583221 -0.163315087556839 -0.24127726256847382 -0.18326537311077118 0.9769688844680786 0.10929547995328903 0.037173278629779816 0.18135975301265717 -0.07567015290260315 0.9805010557174683 0.018323130905628204
1522279463.1483412 0.9683900475502014 0.1955423206090927 -0.1548677682876587 -0.22838585078716278 -0.18095538020133972 0.9780408143997192 0.10339828580617905 0.031701214611530304 0.17168579995632172 -0.07210570573806763 0.9825092554092407 0.019980117678642273
1522279463.248341 0.9735515117645264 0.1798025369644165 -0.14095498621463776 -0.21372178196907043 -0.1680905967950821 0.9815531969070435 0.09109889715909958 0.033381711691617966 0.1547345519065857 -0.06499626487493515 0.985815703868866 0.01739419251680374
1522279463.348341 0.9775202870368958 0.16776587069034576 -0.12770511209964752 -0.21140533685684204 -0.15706603229045868 0.9835007786750793 0.08975835144519806 0.03305569291114807 0.14065641164779663 -0.06768246740102768 0.9877423048019409 0.01881820149719715
1522279463.448341 0.97898268699646 0.15305878221988678 -0.13478095829486847 -0.1964309960603714 -0.14164350926876068 0.9857618808746338 0.09061308950185776 0.021962527185678482 0.14673104882240295 -0.06961777806282043 0.9867234826087952 0.01968061365187168
1522279463.5483408 0.9827966690063477 0.13544581830501556 -0.12555967271327972 -0.1794024109840393 -0.12667232751846313 0.9890715479850769 0.07544200122356415 0.025301223620772362 0.13440582156181335 -0.058239202946424484 0.9892134070396423 0.017122069373726845
1522279463.6483407 0.9838364720344543 0.13096749782562256 -0.12212038785219193 -0.15336577594280243 -0.12250038236379623 0.9896706342697144 0.07447045296430588 0.02193766087293625 0.13061214983463287 -0.05830695480108261 0.989717423915863 0.023249149322509766
1522279463.7483406 0.9866028428077698 0.11968731135129929 -0.11085940897464752 -0.13160108029842377 -0.11209231615066528 0.9910568594932556 0.07240070402622223 0.012520072050392628 0.11853338032960892 -0.05900425463914871 0.9911952614784241 0.023095332086086273
1522279463.8483405 0.9912276864051819 0.10825219750404358 -0.07582376897335052 -0.11938401311635971 -0.10396694391965866 0.9928669333457947 0.05836073309183121 0.016044868156313896 0.08160058408975601 -0.04996559023857117 0.9954118132591248 0.02144455909729004
1522279463.9483404 0.9931778907775879 0.10732067376375198 -0.04560725390911102 -0.11523106694221497 -0.10507459193468094 0.9932520985603333 0.04908709228038788 0.015732338652014732 0.050567544996738434 -0.04396003484725952 0.9977527260780334 0.02333919145166874
1522279464.0483403 0.9946082830429077 0.10175581276416779 -0.02000022493302822 -0.11334294825792313 -0.10094644874334335 0.9941658973693848 0.03799821063876152 0.017449185252189636 0.02375008352100849 -0.03577438369393349 0.9990776181221008 0.02117455191910267
1522279464.1483402 0.9957247972488403 0.09209029376506805 -0.0071755750104784966 -0.1047515943646431 -0.09173087775707245 0.9949716925621033 0.04020887613296509 0.01523077953606844 0.010842346586287022 -0.03937876224517822 0.9991654753684998 0.021946744993329048
1522279464.2483401 0.9966555237770081 0.08154177665710449 -0.005350400693714619 -0.10011444985866547 -0.08127133548259735 0.99592125415802 0.03918790444731712 0.012380830943584442 0.008524030447006226 -0.038622014224529266 0.9992174506187439 0.024130601435899734
1522279464.34834 0.997835636138916 0.0638708621263504 -0.01564010977745056 -0.08730407804250717 -0.06328225880861282 0.997360110282898 0.03561022877693176 0.012184065766632557 0.017873279750347137 -0.034543413668870926 0.9992433190345764 0.024636680260300636
1522279464.44834 0.9985629320144653 0.049471646547317505 -0.020604299381375313 -0.06734269857406616 -0.04874217510223389 0.9982147812843323 0.03451644256711006 0.010924735106527805 0.022275103256106377 -0.03346254304051399 0.9991917610168457 0.02496425062417984
1522279464.5483398 0.9986881017684937 0.050647273659706116 -0.00753444479778409 -0.05463332310318947 -0.050365108996629715 0.9981575012207031 0.03383472189307213 0.004786657635122538 0.009234199300408363 -0.03341086581349373 0.9993990659713745 0.023276636376976967
1522279464.6483397 0.9985886812210083 0.05290031433105469 0.004706740844994783 -0.040320947766304016 -0.053003158420324326 0.9982717037200928 0.025380520150065422 0.004135201685130596 -0.003355969674885273 -0.02559417299926281 0.9996668100357056 0.02358085848391056
1522279464.7483397 0.9982847571372986 0.05303621664643288 0.02479252591729164 -0.026702817529439926 -0.05353076383471489 0.9983711838722229 0.019727706909179688 0.0033247461542487144 -0.023705866187810898 -0.021021030843257904 0.9994979500770569 0.02472688816487789
1522279464.8483396 0.996901273727417 0.06282030045986176 0.04734326899051666 -0.026277799159288406 -0.06341350823640823 0.9979251027107239 0.011132391169667244 0.004022312816232443 -0.04654569551348686 -0.014100095257163048 0.9988166689872742 0.023673150688409805
1522279464.9483395 0.9958556294441223 0.07513107359409332 0.051252078264951706 -0.008120604790747166 -0.0758347436785698 0.9970490336418152 0.01192330289632082 0.000895218166988343 -0.050205014646053314 -0.015760576352477074 0.9986145496368408 0.020432041957974434
1522279465.0483394 0.9944202303886414 0.0787355825304985 0.07020655274391174 0.009913823567330837 -0.07976897805929184 0.9967406988143921 0.012034764513373375 0.0022303275763988495 -0.06903015822172165 -0.017567915841937065 0.997459888458252 0.019235065206885338
1522279465.1483393 0.9909351468086243 0.0914984866976738 0.09836418926715851 0.008890029042959213 -0.09328457713127136 0.9955452084541321 0.01370509434491396 -0.0055483924224972725 -0.09667199105024338 -0.02275671809911728 0.99505615234375 0.025241488590836525
1522279465.2483392 0.9886078238487244 0.1010144054889679 0.11158265918493271 0.023571263998746872 -0.10236544162034988 0.9947260022163391 0.006431065499782562 -0.014508034102618694 -0.11034452170133591 -0.017780007794499397 0.9937343597412109 0.023363778367638588
1522279465.348339 0.9860765933990479 0.1076110303401947 0.12677907943725586 0.02609938196837902 -0.10685081034898758 0.9941925406455994 -0.012802014127373695 -0.007996797561645508 -0.12742045521736145 -0.0009226780384778976 0.9918484091758728 0.027839474380016327
1522279465.448339 0.9847521781921387 0.11110105365514755 0.13386447727680206 0.03160057216882706 -0.10936859250068665 0.9937949776649475 -0.020249681547284126 -0.015272355638444424 -0.13528361916542053 0.005300349555909634 0.9907926917076111 0.02795538865029812
1522279465.548339 0.9853353500366211 0.10621551424264908 0.13353867828845978 0.04004136472940445 -0.10259263217449188 0.9941509962081909 -0.03374381363391876 -0.015099787153303623 -0.13634173572063446 0.019548887386918068 0.9904689788818359 0.024853523820638657
1522279465.6483388 0.9864168763160706 0.10113658756017685 0.12943382561206818 0.04810953140258789 -0.09666621685028076 0.9944973587989807 -0.04038258641958237 -0.01648639887571335 -0.132805734872818 0.0273221917450428 0.9907653331756592 0.026685886085033417
1522279465.7483387 0.9878649711608887 0.09215601533651352 0.12502025067806244 0.05697912722826004 -0.08707042038440704 0.9951598048210144 -0.045561596751213074 -0.015601963736116886 -0.1286138892173767 0.034123145043849945 0.9911074042320251 0.027128566056489944
1522279465.8483386 0.9895645976066589 0.07969193905591965 0.12004618346691132 0.07025095075368881 -0.07431264966726303 0.9960477948188782 -0.04864637181162834 -0.01780715212225914 -0.12344842404127121 0.03921777382493019 0.9915757179260254 0.026610206812620163
1522279465.9483385 0.9913673400878906 0.060959592461586 0.11608070135116577 0.07798229157924652 -0.05510047823190689 0.9970712661743164 -0.05303427204489708 -0.01812966726720333 -0.11897367984056473 0.04618034511804581 0.9918228387832642 0.02602904476225376
1522279466.0483384 0.9927825927734375 0.04615624621510506 0.1106904149055481 0.08349461108446121 -0.040073879063129425 0.9975946545600891 -0.056559257209300995 -0.01865462027490139 -0.11303474754095078 0.05171525105834007 0.992244303226471 0.02601017989218235
1522279466.1483383 0.9938923716545105 0.03808149695396423 0.10357481986284256 0.09207584708929062 -0.031911298632621765 0.9976524114608765 -0.06059092655777931 -0.019465379416942596 -0.10563907772302628 0.05691565200686455 0.992774248123169 0.02527044154703617
1522279466.2483382 0.9948369264602661 0.02620653249323368 0.09804528206586838 0.09874711185693741 -0.02005496434867382 0.9977987408638 -0.06320977210998535 -0.019974935799837112 -0.09948597103357315 0.06091711297631264 0.9931724071502686 0.024176523089408875
1522279466.3483381 0.9957547187805176 0.013696802780032158 0.09102080017328262 0.11430219560861588 -0.00783630833029747 0.9978911876678467 -0.06443440169095993 -0.017445610836148262 -0.09171139448881149 0.06344759464263916 0.9937620759010315 0.021133670583367348
1522279466.448338 0.9946051239967346 -0.0003786123124882579 0.10373184084892273 0.12090688198804855 0.00629431800916791 0.9983710050582886 -0.05670735612511635 -0.01914389058947563 -0.10354139655828476 0.05705434828996658 0.9929872155189514 0.022935252636671066
1522279466.548338 0.993474006652832 -0.009709041565656662 0.11364492028951645 0.1273040771484375 0.015998385846614838 0.9983822107315063 -0.05456157773733139 -0.01792782172560692 -0.11293130367994308 0.05602363869547844 0.9920220375061035 0.023594388738274574
1522279466.6483378 0.9923334121704102 -0.01423861738294363 0.12276726961135864 0.1294659674167633 0.020641952753067017 0.9984829425811768 -0.05104522407054901 -0.01684274710714817 -0.12185421586036682 0.053188029676675797 0.9911218285560608 0.02274899370968342
1522279466.7483377 0.991401195526123 -0.021272966638207436 0.12911665439605713 0.13198749721050262 0.02751867100596428 0.9985259771347046 -0.04678276926279068 -0.008786642923951149 -0.1279311180114746 0.04993361234664917 0.9905252456665039 0.024507425725460052
1522279466.8483377 0.9895228743553162 -0.02389146015048027 0.14238566160202026 0.1258615255355835 0.028024006634950638 0.9992401599884033 -0.027089005336165428 -0.014778570272028446 -0.14163024723529816 0.03079540841281414 0.9894404411315918 0.028783129528164864
1522279466.9483376 0.9889984726905823 -0.02160375565290451 0.14633947610855103 0.11781372129917145 0.025236323475837708 0.9994165897369385 -0.02301178127527237 -0.015817485749721527 -0.14575697481632233 0.026451684534549713 0.9889667630195618 0.0305346567183733
1522279467.0483375 0.9908052682876587 -0.018901284784078598 0.1339685469865799 0.11757925897836685 0.0220494344830513 0.9995136260986328 -0.022054459899663925 -0.010010684840381145 -0.1334865242242813 0.02480560913681984 0.9907402396202087 0.029539912939071655
1522279467.1483374 0.9914712905883789 -0.024119803681969643 0.1280735731124878 0.11660195142030716 0.026081614196300507 0.999566376209259 -0.013662629760801792 -0.010223721154034138 -0.12768854200839996 0.01688646897673607 0.9916704893112183 0.030979713425040245
1522279467.2483373 0.9917135238647461 -0.026710648089647293 0.12566134333610535 0.1076669991016388 0.027828635647892952 0.9995871186256409 -0.007149478420615196 -0.010578647255897522 -0.1254185140132904 0.010587217286229134 0.9920473694801331 0.03144485503435135
1522279467.3483372 0.9928997755050659 -0.025072908028960228 0.11628153175115585 0.10181764513254166 0.02562585659325123 0.9996662735939026 -0.0032624434679746628 -0.010831893421709538 -0.11616095900535583 0.006219090893864632 0.9932109117507935 0.03532607853412628
1522279467.448337 0.9943885207176208 -0.019843902438879013 0.1039113998413086 0.09792878478765488 0.02027551643550396 0.9997897148132324 -0.003098917892202735 -0.009563714265823364 -0.1038280576467514 0.005188383162021637 0.9945816397666931 0.03309542313218117
1522279467.548337 0.9952203631401062 -0.020679229870438576 0.09543979912996292 0.09527131170034409 0.021015429869294167 0.9997760057449341 -0.0025187430437654257 -0.005571874789893627 -0.09536634385585785 0.004512409679591656 0.9954319596290588 0.029485028237104416
1522279467.648337 0.9955072999000549 -0.015878794714808464 0.09334244579076767 0.08788982033729553 0.015300804749131203 0.9998591542243958 0.006904567591845989 -0.006391036789864302 -0.09343891590833664 -0.0054453350603580475 0.9956101179122925 0.029481418430805206
1522279467.7483368 0.9956540465354919 -0.004305995535105467 0.09302936494350433 0.07446731626987457 0.0031098120380192995 0.9999106526374817 0.012999269179999828 -0.013961690478026867 -0.09307703375816345 -0.01265347097069025 0.9955784678459167 0.031253740191459656
1522279467.8483367 0.9966505765914917 0.0055629536509513855 0.08158843219280243 0.06685778498649597 -0.005906139500439167 0.9999746680259705 0.003965556621551514 -0.008564423769712448 -0.08156430721282959 -0.004434147849678993 0.996658205986023 0.02720704860985279
1522279467.9483366 0.9973385334014893 0.006198787596076727 0.0726470798254013 0.06280859559774399 -0.0065292599610984325 0.9999693036079407 0.004312395118176937 -0.0018183757783845067 -0.07261811941862106 -0.004775248467922211 0.997348427772522 0.025338077917695045
1522279468.0483365 0.9973434209823608 0.004410651978105307 0.07271011918783188 0.050162993371486664 -0.005438404157757759 0.9998879432678223 0.013943039812147617 -0.0073342230170965195 -0.07264048606157303 -0.014301422983407974 0.9972556233406067 0.025118039920926094
1522279468.1483364 0.9981450438499451 0.0012477249838411808 0.06086902692914009 0.04025774076581001 -0.0018035859102383256 0.9999570846557617 0.009077987633645535 -0.00547097809612751 -0.060855112969875336 -0.009170930832624435 0.9981043934822083 0.023468434810638428
1522279468.2483363 0.9988182187080383 0.001216499600559473 0.048587895929813385 0.02792849950492382 -0.0016819569282233715 0.9999529719352722 0.009539958089590073 0.0004419097094796598 -0.04857400804758072 -0.009610407054424286 0.9987732768058777 0.02033841796219349
1522279468.3483362 0.999312162399292 -0.001934609841555357 0.03703780844807625 0.01764146238565445 0.0011507375165820122 0.9997751116752625 0.02117370069026947 -0.007413104642182589 -0.03707044944167137 -0.02111651562154293 0.9990895390510559 0.019700076431035995
1522279468.4483361 0.9995765686035156 -0.006394409108906984 0.02838831953704357 0.0006329817697405815 0.005910519510507584 0.9998363256454468 0.01709665358066559 -0.013312608003616333 -0.02849300391972065 -0.016921622678637505 0.9994507431983948 0.015949547290802002
1522279468.548336 0.999957263469696 -0.005412796512246132 0.007496965117752552 -0.01105625182390213 0.005408689379692078 0.9999852180480957 0.0005680218455381691 -0.0035034865140914917 -0.0074999285861849785 -0.0005274488357827067 0.9999717473983765 0.01589244045317173
1522279468.648336 0.9999681115150452 0.002146119251847267 -0.007691664155572653 -0.025831758975982666 -0.002097218530252576 0.9999775886535645 0.006360183469951153 -0.0014907669974491 0.007705142721533775 -0.0063438499346375465 0.9999501705169678 0.013549323193728924
1522279468.7483358 0.9997712969779968 0.0012652298901230097 -0.021349066868424416 -0.038729242980480194 -0.001066740369424224 0.9999561309814453 0.009306204505264759 -0.006277186796069145 0.02135990746319294 -0.00928130280226469 0.9997287392616272 0.016200361773371696
1522279468.8483357 0.9993935823440552 0.013739445246756077 -0.031998440623283386 -0.05425238236784935 -0.013718903996050358 0.9999054670333862 0.000861411914229393 0.0006955211283639073 0.03200725466012955 -0.00042190495878458023 0.999487578868866 0.015132775530219078
1522279468.9483356 0.998716413974762 0.026299171149730682 -0.0432891808450222 -0.06949613243341446 -0.026079628616571426 0.9996440410614014 0.00562862167134881 0.0051444522105157375 0.04342179000377655 -0.0044924295507371426 0.9990467429161072 0.014589495025575161
1522279469.0483356 0.9981847405433655 0.030399266630411148 -0.05199157074093819 -0.08468027412891388 -0.029688816517591476 0.9994556903839111 0.014383003115653992 0.004830074030905962 0.05240049585700035 -0.012813322246074677 0.998543918132782 0.016024868935346603
1522279469.1483355 0.9972823858261108 0.03728397935628891 -0.0635434165596962 -0.0971028134226799 -0.03604785352945328 0.9991399049758911 0.020490311086177826 0.0027446295134723186 0.06425271928310394 -0.018144018948078156 0.997768759727478 0.015415752306580544
1522279469.2483354 0.9965348243713379 0.04789663106203079 -0.06800062209367752 -0.11427126824855804 -0.046758636832237244 0.9987398386001587 0.018229937180876732 0.0069094449281692505 0.0687880739569664 -0.014987155795097351 0.99751877784729 0.013964450918138027
1522279469.3483353 0.9955803751945496 0.05804843083024025 -0.0738241896033287 -0.124074786901474 -0.05632641538977623 0.998094379901886 0.02519945427775383 0.006764844059944153 0.07514629513025284 -0.020929833874106407 0.9969528913497925 0.013661922886967659
1522279469.4483352 0.9952002167701721 0.0651509240269661 -0.07301979511976242 -0.13605056703090668 -0.06308342516422272 0.9975489377975464 0.030273975804448128 0.007848800159990788 0.07481321692466736 -0.025522327050566673 0.9968709945678711 0.014163507148623466
1522279469.548335 0.9946808815002441 0.07186397165060043 -0.07379382103681564 -0.14400194585323334 -0.06957008689641953 0.9970242977142334 0.03320189565420151 0.0074660503305494785 0.07596023380756378 -0.027891449630260468 0.9967206120491028 0.015164801850914955
1522279469.648335 0.9937973022460938 0.081316739320755 -0.07585915178060532 -0.1510549634695053 -0.07882252335548401 0.996262788772583 0.03531841188669205 0.006251205690205097 0.0784476175904274 -0.029119933024048805 0.996492862701416 0.016415176913142204
1522279469.748335 0.9933270215988159 0.0911935418844223 -0.07060470432043076 -0.16096895933151245 -0.0890744999051094 0.9954910278320312 0.03260734677314758 0.008406874723732471 0.07325991988182068 -0.026100682094693184 0.9969713091850281 0.015485616400837898
1522279469.8483348 0.9930515289306641 0.1000128984451294 -0.0620175302028656 -0.17649103701114655 -0.09822484105825424 0.9946736097335815 0.031246988102793694 0.007728341966867447 0.0648123025894165 -0.024938205257058144 0.9975857734680176 0.015795782208442688
1522279469.9483347 0.9928340315818787 0.1040044054389 -0.058852195739746094 -0.18766818940639496 -0.10251840949058533 0.9943442940711975 0.02773783542215824 0.010187444277107716 0.061404209583997726 -0.021505635231733322 0.997881293296814 0.014552581124007702
1522279470.0483346 0.9923692345619202 0.11023552715778351 -0.05523812770843506 -0.19699333608150482 -0.10887965559959412 0.9936884641647339 0.026991460472345352 0.013629128225147724 0.05786491185426712 -0.020771188661456108 0.9981083273887634 0.015089355409145355
1522279470.1483345 0.9915770888328552 0.11907258629798889 -0.050955116748809814 -0.2125672996044159 -0.11768845468759537 0.9926163554191589 0.02936374582350254 0.007386703975498676 0.05407530069351196 -0.023119589313864708 0.9982691407203674 0.01537900511175394
1522279470.2483344 0.9913333654403687 0.11951664090156555 -0.05453278496861458 -0.22178077697753906 -0.11861252039670944 0.9927484393119812 0.019536983221769333 0.013520280830562115 0.056472331285476685 -0.012899389490485191 0.9983208775520325 0.015698455274105072
1522279470.3483343 0.9908595085144043 0.1243409588932991 -0.05231350287795067 -0.22987641394138336 -0.12373364716768265 0.9922066926956177 0.014703812077641487 0.013568027876317501 0.05373409017920494 -0.008096476085484028 0.9985223412513733 0.016397355124354362
1522279470.4483342 0.9898479580879211 0.13404563069343567 -0.047254957258701324 -0.2427828162908554 -0.13383805751800537 0.990974485874176 0.007543542888015509 0.014804660342633724 0.04783964157104492 -0.0011424520052969456 0.9988543391227722 0.016248833388090134
1522279470.5483341 0.9887306690216064 0.14298848807811737 -0.044338494539260864 -0.256053626537323 -0.14308474957942963 0.9897099733352661 0.001010669395327568 0.01676897332072258 0.04402676969766617 0.005344877019524574 0.9990160465240479 0.014924747869372368
1522279470.648334 0.9878400564193726 0.14674755930900574 -0.05135440453886986 -0.2679359018802643 -0.14690305292606354 0.9891505837440491 0.0007537779747508466 0.016071734949946404 0.050907865166664124 0.006799510680139065 0.9986801743507385 0.014340662397444248
1522279470.748334 0.987090528011322 0.14842306077480316 -0.06018871068954468 -0.2826351821422577 -0.14883318543434143 0.9888594746589661 -0.002364596351981163 0.016334058716893196 0.05916722118854523 0.011292151175439358 0.9981842041015625 0.013723736628890038
1522279470.8483338 0.98527592420578 0.15532782673835754 -0.0714457631111145 -0.2936384677886963 -0.15624135732650757 0.9876915812492371 -0.007346875499933958 0.020331701263785362 0.06942520290613174 0.018401488661766052 0.9974174499511719 0.0142121072858572
1522279470.9483337 0.9832574129104614 0.16162312030792236 -0.08415868878364563 -0.30005964636802673 -0.16263878345489502 0.9866714477539062 -0.005310145206749439 0.020825041458010674 0.08217871934175491 0.018908711150288582 0.996438205242157 0.014512080699205399
1522279471.0483336 0.9819187521934509 0.16513459384441376 -0.09255359321832657 -0.30598145723342896 -0.1663638949394226 0.9860481023788452 -0.005674546118825674 0.01653379388153553 0.09032522886991501 0.02096952125430107 0.9956915378570557 0.015356693416833878
1522279471.1483335 0.9810782670974731 0.17056824266910553 -0.09160599112510681 -0.31798771023750305 -0.17251698672771454 0.9849108457565308 -0.013735213316977024 0.02490995265543461 0.0878809317946434 0.029278907924890518 0.9957005977630615 0.013415500521659851
1522279471.2483335 0.9796203374862671 0.17725780606269836 -0.09446439892053604 -0.33098915219306946 -0.1788245141506195 0.9838458299636841 -0.008318059146404266 0.025505267083644867 0.09146396070718765 0.025041086599230766 0.995493471622467 0.014515800401568413
1522279471.3483334 0.9779043793678284 0.18097807466983795 -0.10464155673980713 -0.3439929783344269 -0.18256190419197083 0.9831779599189758 -0.005680261645466089 0.025214357301592827 0.10185326635837555 0.024658313021063805 0.9944937229156494 0.012651607394218445
1522279471.4483333 0.9758771061897278 0.1815546303987503 -0.12124966830015182 -0.3526003956794739 -0.18344736099243164 0.9830190539360046 -0.004539637826383114 0.03032725863158703 0.1183665320277214 0.02667306177318096 0.9926117062568665 0.015372943133115768
1522279471.5483332 0.9737637042999268 0.18703392148017883 -0.12962451577186584 -0.3615840673446655 -0.18861757218837738 0.9820505380630493 6.0399928770493716e-05 0.029988501220941544 0.12730912864208221 0.024390654638409615 0.9915632009506226 0.017184503376483917
1522279471.648333 0.9714612364768982 0.19541794061660767 -0.13444316387176514 -0.36815083026885986 -0.19705550372600555 0.9803916215896606 0.001148218521848321 0.030106481164693832 0.13203135132789612 0.025377316400408745 0.9909207224845886 0.019026033580303192
1522279471.748333 0.9695461988449097 0.2034633308649063 -0.13631923496723175 -0.37895235419273376 -0.20536446571350098 0.9786854982376099 0.00011945541336899623 0.03065367415547371 0.13343799114227295 0.027879316359758377 0.9906650185585022 0.01868206262588501
1522279471.848333 0.9679628610610962 0.2097105085849762 -0.13809213042259216 -0.39886465668678284 -0.21160763502120972 0.9773541688919067 0.0009641508222557604 0.03359726816415787 0.13516713678836823 0.028288088738918304 0.9904188513755798 0.0192035473883152
1522279471.9483328 0.9655195474624634 0.2125868946313858 -0.15026313066482544 -0.40891414880752563 -0.21434538066387177 0.9767472147941589 0.004585403483361006 0.03300448879599571 0.14774388074874878 0.027780907228589058 0.9886354207992554 0.019040439277887344
1522279472.0483327 0.9616648554801941 0.21704083681106567 -0.16761274635791779 -0.41302281618118286 -0.2188388854265213 0.9757290482521057 0.007895616814494133 0.035078320652246475 0.1652582883834839 0.02908724918961525 0.9858213067054749 0.01947290450334549
