1522282587.38329 0.9999921321868896 -0.002422390738502145 -0.003141673980280757 0.013268457725644112 0.0024195981677621603 0.9999966621398926 -0.0008924062130972743 0.002520312089473009 0.003143824404105544 0.0008847971330396831 0.999994695186615 0.01428709551692009
1522282587.48329 0.999978244304657 -0.0056899599730968475 -0.003328450256958604 0.017738189548254013 0.005670679267495871 0.9999672770500183 -0.005773770622909069 0.002752388594672084 0.003361195558682084 0.005754770245403051 0.9999777674674988 0.020484397187829018
1522282587.5832899 0.9999344944953918 -0.005649841856211424 -0.009952940046787262 0.037331290543079376 0.005525619722902775 0.9999070763587952 -0.012464526109397411 0.009481705725193024 0.010022437199950218 0.012408713810145855 0.9998728036880493 0.032263997942209244
1522282587.6832898 0.9999461770057678 -0.007527427282184362 -0.007154437713325024 0.037851739674806595 0.007431183010339737 0.9998827576637268 -0.013385300524532795 0.010967668145895004 0.007254357449710369 0.013331412337720394 0.9998847842216492 0.03518829122185707
1522282587.7832897 0.9999443292617798 -0.008563595823943615 -0.006165193859487772 0.04005354270339012 0.008499293588101864 0.9999099969863892 -0.010381300933659077 0.010248111560940742 0.006253539584577084 0.010328322649002075 0.9999270439147949 0.03748304396867752
1522282587.8832896 0.9999122023582458 -0.013064958155155182 0.0021827982272952795 0.02592206373810768 0.013060622848570347 0.9999127388000488 0.0019880931358784437 0.0035483213141560555 -0.0022085809614509344 -0.0019594095647335052 0.9999956488609314 0.03076082654297352
1522282587.9832895 0.9998247027397156 -0.018349574878811836 0.00371255143545568 0.025255775079131126 0.01831980235874653 0.9998010396957397 0.007900944910943508 0.0036619387101382017 -0.003856790717691183 -0.007831546477973461 0.9999619722366333 0.03158445283770561
1522282588.0832894 0.999811053276062 -0.01881987415254116 0.004850351717323065 0.026952620595693588 0.01880866102874279 0.999820351600647 0.0023475810885429382 0.005533506628125906 -0.004893661011010408 -0.0022559091448783875 0.9999854564666748 0.0371844582259655
1522282588.1832893 0.9997560977935791 -0.021658191457390785 0.004334857687354088 0.027145160362124443 0.021650025621056557 0.9997637867927551 0.0019222337286919355 -0.0023216798435896635 -0.0043754661455750465 -0.0018279151991009712 0.9999887347221375 0.039696332067251205
1522282588.2832892 0.9996665716171265 -0.024957740679383278 0.006620630621910095 0.022730927914381027 0.024966826662421227 0.9996874332427979 -0.001293211942538619 -0.0029228152707219124 -0.006586285773664713 0.0014580761780962348 0.999977171421051 0.037644654512405396
1522282588.383289 0.999643862247467 -0.025891346856951714 0.006459222175180912 0.021503936499357224 0.025902563706040382 0.9996631145477295 -0.0016590197337791324 -0.004165269900113344 -0.0064140912145376205 0.001825738581828773 0.999977707862854 0.038044944405555725
1522282588.483289 0.9996930956840515 -0.02402985841035843 0.006016186438500881 0.020653847604990005 0.024025794118642807 0.9997110366821289 0.0007471266435459256 -0.0050829071551561356 -0.006032401695847511 -0.0006023537716828287 0.9999815821647644 0.03820472210645676
1522282588.583289 0.9997687935829163 -0.02075139991939068 0.005631797946989536 0.019723787903785706 0.020733002573251724 0.9997795820236206 0.0033057774417102337 -0.006524053402245045 -0.005699156317859888 -0.0031882496550679207 0.9999787211418152 0.03829267621040344
1522282588.6832888 0.999798595905304 -0.019587531685829163 0.004352903459221125 0.01882408745586872 0.01957671158015728 0.9998051524162292 0.0025151860900223255 -0.008220567367970943 -0.0044013215228915215 -0.0024294639006257057 0.9999873638153076 0.03816106915473938
1522282588.7832887 0.9997975826263428 -0.01988695003092289 0.0030534230172634125 0.01724966987967491 0.019885791465640068 0.9998022317886353 0.00040915305726230145 -0.009296577423810959 -0.0030609560199081898 -0.0003483507316559553 0.9999952912330627 0.03789830952882767
1522282588.8832886 0.9997899532318115 -0.020448213443160057 0.0014028112636879086 0.01508913841098547 0.02044655568897724 0.9997902512550354 0.0011855234624817967 -0.009487866424024105 -0.0014267590595409274 -0.0011565916938707232 0.9999983310699463 0.036279093474149704
1522282588.9832885 0.999616265296936 -0.027699783444404602 -0.00020411016885191202 0.012088430114090443 0.027700193226337433 0.999613344669342 0.0024030318018049 -0.01059829443693161 0.00013746763579547405 -0.0024077636189758778 0.999997079372406 0.03385531157255173
1522282589.0832884 0.9977797269821167 -0.06648668646812439 -0.0038885704707354307 0.00959624070674181 0.06652535498142242 0.997725784778595 0.01084331888705492 -0.010136823169887066 0.0031587909907102585 -0.011077933944761753 0.999933660030365 0.029420189559459686
1522282589.1832883 0.995883047580719 -0.0903843343257904 -0.006889301352202892 0.010967756621539593 0.09051098674535751 0.9956724643707275 0.02107188105583191 -0.008679015561938286 0.004954919219017029 -0.021608687937259674 0.9997542500495911 0.027200106531381607
1522282589.2832882 0.996130108833313 -0.08743847161531448 -0.008900278247892857 0.01777607575058937 0.08764240145683289 0.9958146214485168 0.025922641158103943 -0.008523494936525822 0.006596392951905727 -0.02660236321389675 0.9996243715286255 0.02768275886774063
1522282589.3832881 0.9975079894065857 -0.06993051618337631 -0.009368921630084515 0.02945517748594284 0.07012252509593964 0.997295081615448 0.02203132025897503 -0.009210459887981415 0.007802919019013643 -0.02263338677585125 0.9997133612632751 0.028465179726481438
1522282589.483288 0.9983956813812256 -0.05598253384232521 -0.008491475135087967 0.043144360184669495 0.056096453219652176 0.9983295798301697 0.013831757009029388 -0.01017075777053833 0.00770295225083828 -0.014285909943282604 0.9998682141304016 0.029423456639051437
1522282589.583288 0.9987364411354065 -0.04976550489664078 -0.007006821688264608 0.05836614966392517 0.049817588180303574 0.9987304210662842 0.007467408198863268 -0.010035168379545212 0.006626306101679802 -0.007807035930454731 0.9999475479125977 0.029426002874970436
1522282589.6832879 0.9988522529602051 -0.0475822277367115 -0.0054861451499164104 0.07425783574581146 0.04761797934770584 0.9988439083099365 0.006582892965525389 -0.009025787003338337 0.005166573915630579 -0.006836577318608761 0.9999632239341736 0.02916436828672886
1522282589.7832878 0.9989312887191772 -0.046076904982328415 -0.003623467870056629 0.09358692914247513 0.046110108494758606 0.9988894462585449 0.009689769707620144 -0.008445676416158676 0.0031729694455862045 -0.009846493601799011 0.9999464154243469 0.028646308928728104
1522282589.8832877 0.9990140199661255 -0.044391367584466934 -0.000631585018709302 0.10938283801078796 0.044395800679922104 0.9989334344863892 0.012686646543443203 -0.008821072056889534 6.773391942260787e-05 -0.012702175416052341 0.9999192953109741 0.029444914311170578
1522282589.9832876 0.9989102482795715 -0.04660142958164215 0.002582175424322486 0.1293323040008545 0.046573456376791 0.9988648295402527 0.00999930314719677 -0.010048791766166687 -0.0030452257487922907 -0.009868146851658821 0.9999465942382812 0.02983047254383564
1522282590.0832875 0.9986486434936523 -0.05138096585869789 0.007805704604834318 0.146498441696167 0.05131755769252777 0.9986494183540344 0.00811831932514906 -0.011166307143867016 -0.008212288841605186 -0.007706779055297375 0.999936580657959 0.030718931928277016
1522282590.1832874 0.9985492825508118 -0.0524868443608284 0.012030255049467087 0.16688820719718933 0.05244717746973038 0.9986172318458557 0.003590344451367855 -0.012102914974093437 -0.012202066369354725 -0.002954182680696249 0.9999212026596069 0.03146715089678764
1522282590.2832873 0.9985154271125793 -0.0523548386991024 0.01502920314669609 0.18631455302238464 0.05233638361096382 0.9986281991004944 0.0016188297886401415 -0.012859388254582882 -0.01509334146976471 -0.0008298523025587201 0.9998857378959656 0.031505193561315536
1522282590.3832872 0.9985869526863098 -0.05086637660861015 0.015380033291876316 0.20811398327350616 0.05075349286198616 0.998681902885437 0.0076436796225607395 -0.013431672006845474 -0.01574856974184513 -0.006852289196103811 0.9998524785041809 0.030779093503952026
1522282590.483287 0.998602032661438 -0.05082312598824501 0.014524727128446102 0.22886981070041656 0.05063491687178612 0.9986319541931152 0.013044939376413822 -0.01465535070747137 -0.015167840756475925 -0.012291246093809605 0.9998093843460083 0.03115452267229557
1522282590.583287 0.9986383318901062 -0.05044594779610634 0.013289710506796837 0.25070083141326904 0.05027909576892853 0.9986556768417358 0.012603565119206905 -0.016923245042562485 -0.013907642103731632 -0.011918209493160248 0.999832272529602 0.03182946890592575
1522282590.683287 0.9987736940383911 -0.048291951417922974 0.010900851339101791 0.2732260227203369 0.04816032201051712 0.998767077922821 0.012031476013362408 -0.01990233175456524 -0.011468436568975449 -0.011491735465824604 0.9998682141304016 0.03286219760775566
1522282590.7832868 0.9988151788711548 -0.04800260812044144 0.00799725390970707 0.29604652523994446 0.047922324389219284 0.9988016486167908 0.009944895282387733 -0.023165317252278328 -0.008465049788355827 -0.009549867361783981 0.9999185800552368 0.03418672829866409
1522282590.8832867 0.9989169836044312 -0.046231240034103394 0.0052326577715575695 0.3192398250102997 0.04617968574166298 0.9988872408866882 0.00957857258617878 -0.02575806714594364 -0.005669663660228252 -0.009326557628810406 0.9999404549598694 0.03545740246772766
1522282590.9832866 0.9989712238311768 -0.045260388404130936 0.0028343400917947292 0.34302031993865967 0.04522506892681122 0.9989108443260193 0.011481866240501404 -0.02700389176607132 -0.003350926795974374 -0.011341869831085205 0.9999300837516785 0.03658400848507881
1522282591.0832865 0.9990773797035217 -0.04294566065073013 0.0004429733380675316 0.36763688921928406 0.042933009564876556 0.9989486336708069 0.016074176877737045 -0.02760845609009266 -0.0011328246910125017 -0.01604032889008522 0.9998707175254822 0.037733495235443115
1522282591.1832864 0.9990379810333252 -0.043853212147951126 0.00024904083693400025 0.3911699950695038 0.04384225979447365 0.9988872408866882 0.017385084182024002 -0.028780223801732063 -0.001011155778542161 -0.017357446253299713 0.9998487830162048 0.03945798799395561
1522282591.2832863 0.9987532496452332 -0.049916043877601624 0.0005762595101259649 0.41480350494384766 0.04989984631538391 0.9986189603805542 0.01643589697778225 -0.030171507969498634 -0.001395878498442471 -0.016386650502681732 0.9998647570610046 0.04115240275859833
1522282591.3832862 0.9984544515609741 -0.055575285106897354 -3.5657460102811456e-05 0.44006314873695374 0.05557014048099518 0.9983528852462769 0.014270689338445663 -0.03085792437195778 -0.00075749889947474 -0.014250615611672401 0.9998981356620789 0.04289202392101288
1522282591.4832861 0.9983912706375122 -0.05669770762324333 0.0004462396027520299 0.4656629264354706 0.05668696388602257 0.99830561876297 0.01313222385942936 -0.03249923884868622 -0.001190050388686359 -0.013085800223052502 0.9999136924743652 0.04400066286325455
1522282591.583286 0.9985406398773193 -0.054002225399017334 0.0004327795759309083 0.4929150938987732 0.053994618356227875 0.9984850287437439 0.010592585429549217 -0.03400556743144989 -0.0010041469940915704 -0.010553758591413498 0.9999438524246216 0.044915176928043365
1522282591.683286 0.9988240599632263 -0.04848092049360275 -4.650873597711325e-05 0.5207918882369995 0.048479098826646805 0.998777449131012 0.009662476368248463 -0.035513944923877716 -0.00042199360905215144 -0.009653369896113873 0.9999533295631409 0.04509768635034561
1522282591.7832859 0.9989290833473206 -0.04623378813266754 -0.0017309387912973762 0.5488870143890381 0.04625365510582924 0.9988301396369934 0.014114199206233025 -0.038065508008003235 0.0010763605823740363 -0.014179149642586708 0.9998989105224609 0.04509677737951279
1522282591.8832858 0.9989646673202515 -0.04519838094711304 -0.005163188092410564 0.5780444145202637 0.045290425419807434 0.9987860321998596 0.019373077899217606 -0.04061584919691086 0.004281288478523493 -0.019586864858865738 0.9997990131378174 0.045255985110998154
1522282591.9832857 0.999029278755188 -0.04333725944161415 -0.007900787517428398 0.6055288314819336 0.04348529875278473 0.9988609552383423 0.019642585888504982 -0.043019071221351624 0.007040532771497965 -0.019967088475823402 0.9997758269309998 0.04587909206748009
1522282592.0832856 0.9990671873092651 -0.04170801490545273 -0.011191373690962791 0.6331565976142883 0.04186558723449707 0.9990218281745911 0.014235550537705421 -0.04445280879735947 0.010586688295006752 -0.014690805226564407 0.9998360276222229 0.04719344899058342
1522282592.1832855 0.9991298913955688 -0.039037588983774185 -0.01467951014637947 0.6603628993034363 0.03921718895435333 0.9991568326950073 0.012152858078479767 -0.04716237634420395 0.014192714355885983 -0.012717976234853268 0.9998183250427246 0.04881303012371063
1522282592.2832854 0.9990883469581604 -0.037460483610630035 -0.02047661878168583 0.6890295743942261 0.03772376477718353 0.9992085099220276 0.012626220472157001 -0.049368783831596375 0.019987426698207855 -0.01338716596364975 0.9997105598449707 0.05052127689123154
1522282592.3832853 0.9990245699882507 -0.03640277311205864 -0.02500128746032715 0.7164669632911682 0.036675240844488144 0.9992718696594238 0.010527528822422028 -0.04867441952228546 0.024599852040410042 -0.011434189043939114 0.9996320009231567 0.0513581708073616
1522282592.4832852 0.9989646077156067 -0.03549949452280998 -0.028453698381781578 0.7433440685272217 0.03574299439787865 0.9993282556533813 0.00809516105800867 -0.048560235649347305 0.02814720943570137 -0.009103799238801003 0.9995623230934143 0.052538253366947174
1522282592.583285 0.9988267421722412 -0.038304779678583145 -0.029627682641148567 0.7693732976913452 0.038564346730709076 0.9992221593856812 0.00823964737355709 -0.049332182854413986 0.029289018362760544 -0.00937255471944809 0.999527096748352 0.05374051257967949
1522282592.683285 0.9987691640853882 -0.03955218940973282 -0.029929254204034805 0.7959514856338501 0.03994898125529289 0.9991200566291809 0.012777803465723991 -0.05066218227148056 0.029397524893283844 -0.013957721181213856 0.9994702935218811 0.05369338393211365
1522282592.783285 0.998805582523346 -0.03975554183125496 -0.028407558798789978 0.8221497535705566 0.040181200951337814 0.9990862011909485 0.014573606662452221 -0.050724223256111145 0.02780221216380596 -0.015697648748755455 0.9994900822639465 0.05449610948562622
1522282592.8832848 0.998811662197113 -0.040655698627233505 -0.02687615528702736 0.8482953310012817 0.04101499170064926 0.9990746378898621 0.01295496616512537 -0.05243757739663124 0.026324588805437088 -0.0140419015660882 0.9995547533035278 0.05585627257823944
1522282592.9832847 0.9988037943840027 -0.04202159494161606 -0.025003496557474136 0.8733176589012146 0.042257100343704224 0.9990665316581726 0.008966055698692799 -0.0538419708609581 0.02460339292883873 -0.010011905804276466 0.9996471405029297 0.056572325527668
1522282593.0832846 0.9987858533859253 -0.0419040285050869 -0.025903599336743355 0.8999872803688049 0.042039040476083755 0.9991049766540527 0.004689570516347885 -0.05465807020664215 0.025683900341391563 -0.005772838834673166 0.9996535181999207 0.05765002220869064
1522282593.1832845 0.9988498091697693 -0.040431223809719086 -0.025777027010917664 0.9253031015396118 0.040604740381240845 0.9991556406021118 0.006243498995900154 -0.05719377472996712 0.02550283446907997 -0.0072829872369766235 0.9996482133865356 0.05762395262718201
1522282593.2832844 0.9988651275634766 -0.04050475358963013 -0.025053758174180984 0.9493697881698608 0.040690310299396515 0.9991477131843567 0.0069414847530424595 -0.05633145943284035 0.024751238524913788 -0.007953052408993244 0.9996619820594788 0.05626603215932846
1522282593.3832843 0.9988144636154175 -0.04108988866209984 -0.026101309806108475 0.9743472933769226 0.041300345212221146 0.9991180300712585 0.007575778756290674 -0.05585040897130966 0.025767000392079353 -0.008644789457321167 0.9996305704116821 0.05535455793142319
1522282593.4832842 0.9988594055175781 -0.039623599499464035 -0.02664000168442726 0.9994730353355408 0.03984161466360092 0.9991763234138489 0.00770321860909462 -0.05567575618624687 0.026312829926609993 -0.008755813352763653 0.9996153712272644 0.053470537066459656
1522282593.5832841 0.9988183975219727 -0.03994356095790863 -0.02768733724951744 1.0242384672164917 0.040204621851444244 0.9991514682769775 0.00893713440746069 -0.055474914610385895 0.02730686403810978 -0.010039733722805977 0.9995766878128052 0.051040053367614746
1522282593.683284 0.9988711476325989 -0.03795810788869858 -0.028562495484948158 1.04893958568573 0.03820987045764923 0.9992350339889526 0.008320569060742855 -0.05472132936120033 0.028224822133779526 -0.009402545168995857 0.9995573163032532 0.04862775653600693
1522282593.783284 0.9989858865737915 -0.034850411117076874 -0.028505859896540642 1.0728349685668945 0.03514062985777855 0.9993348717689514 0.009744182229042053 -0.054650746285915375 0.028147313743829727 -0.010736013762652874 0.999546229839325 0.04554861783981323
1522282593.8832839 0.9988614916801453 -0.03822155296802521 -0.028546178713440895 1.095887541770935 0.03847645968198776 0.9992238879203796 0.008434138260781765 -0.05367274582386017 0.02820165827870369 -0.009522893466055393 0.9995568990707397 0.04243239015340805
1522282593.9832838 0.9989577531814575 -0.03665008395910263 -0.02721046842634678 1.11794912815094 0.036851897835731506 0.9992964863777161 0.0069525702856481075 -0.052763018757104874 0.026936516165733337 -0.007948081009089947 0.9996055364608765 0.03901578113436699
1522282594.0832837 0.9988630414009094 -0.039760395884513855 -0.026301927864551544 1.1393896341323853 0.04005177691578865 0.9991407990455627 0.01064552552998066 -0.05062926933169365 0.02585606463253498 -0.011686859652400017 0.9995973110198975 0.03505992144346237
1522282594.1832836 0.9987015128135681 -0.04358994588255882 -0.026365559548139572 1.1608985662460327 0.04410042613744736 0.9988444447517395 0.01910044066607952 -0.04941515624523163 0.025502508506178856 -0.020238369703292847 0.9994698762893677 0.03087112493813038
1522282594.2832835 0.9986039996147156 -0.045195747166872025 -0.027340568602085114 1.1826878786087036 0.045864999294281006 0.9986503720283508 0.024367673322558403 -0.049561236053705215 0.026202356442809105 -0.02558762952685356 0.9993290901184082 0.028519177809357643
1522282594.3832834 0.9986115097999573 -0.045123886317014694 -0.02718019299209118 1.2035962343215942 0.045748934149742126 0.9986920356750488 0.022831112146377563 -0.04911961406469345 0.026114413514733315 -0.024042874574661255 0.9993698000907898 0.026959242299199104
1522282594.4832833 0.9986110329627991 -0.04546899348497391 -0.02662055753171444 1.22464919090271 0.04592248797416687 0.9988057613372803 0.01667885296046734 -0.04797625169157982 0.025830388069152832 -0.01787816733121872 0.9995065331459045 0.026589402928948402
1522282594.5832832 0.9986283779144287 -0.04562192037701607 -0.025690283626317978 1.2455742359161377 0.04593948647379875 0.9988733530044556 0.011909754015505314 -0.04762301221489906 0.025117989629507065 -0.013073616661131382 0.9995989799499512 0.026236681267619133
1522282594.683283 0.9986112117767334 -0.04632360488176346 -0.02509293705224991 1.2660948038101196 0.04658286273479462 0.9988659024238586 0.009847462177276611 -0.04682484269142151 0.0246083065867424 -0.011002686806023121 0.9996366500854492 0.02641303464770317
1522282594.783283 0.998570442199707 -0.04721483588218689 -0.025057783350348473 1.2869237661361694 0.04746692255139351 0.9988271594047546 0.009562388062477112 -0.04623766615986824 0.024576902389526367 -0.010738132521510124 0.9996402263641357 0.0262937992811203
1522282594.883283 0.9985377788543701 -0.04851561412215233 -0.02384215220808983 1.3069448471069336 0.04875246062874794 0.9987660646438599 0.009454771876335144 -0.044732946902513504 0.023354031145572662 -0.010603310540318489 0.9996709823608398 0.025013534352183342
1522282594.9832828 0.9985404014587402 -0.048349469900131226 -0.02406969480216503 1.3275747299194336 0.04863271117210388 0.9987524747848511 0.011324357241392136 -0.044744718819856644 0.023492146283388138 -0.012478403747081757 0.9996461272239685 0.02439386397600174
1522282595.0832827 0.9985932111740112 -0.047447361052036285 -0.023670919239521027 1.3476008176803589 0.04779316857457161 0.9987553358078003 0.014263487420976162 -0.04501461982727051 0.02296469546854496 -0.01537473127245903 0.9996179938316345 0.023968365043401718
1522282595.1832826 0.9985328316688538 -0.048080023378133774 -0.02490915358066559 1.3691554069519043 0.048453062772750854 0.9987187385559082 0.014595093205571175 -0.045483093708753586 0.024175507947802544 -0.015780601650476456 0.9995832443237305 0.024517083540558815
1522282595.2832825 0.9985836744308472 -0.048097651451826096 -0.022744858637452126 1.388284683227539 0.04838782548904419 0.9987517595291138 0.012384023517370224 -0.044972795993089676 0.022120829671621323 -0.013467058539390564 0.9996646046638489 0.023313183337450027
1522282595.3832824 0.9985548853874207 -0.04827558621764183 -0.023616570979356766 1.4091209173202515 0.04852430894970894 0.9987711310386658 0.010074255988001823 -0.04398804530501366 0.023101212456822395 -0.011205675080418587 0.9996703267097473 0.023906446993350983
1522282595.4832823 0.9986084699630737 -0.047776445746421814 -0.022329404950141907 1.427708625793457 0.04800935834646225 0.9987965822219849 0.010013277642428875 -0.045199912041425705 0.021824143826961517 -0.011071364395320415 0.9997004866600037 0.024162834510207176
1522282595.5832822 0.998655378818512 -0.04649229720234871 -0.02293316274881363 1.4483282566070557 0.04670139402151108 0.9988712072372437 0.008667380549013615 -0.04487946256995201 0.022504309192299843 -0.009726734831929207 0.9996994733810425 0.023989804089069366
1522282595.6832821 0.9986949563026428 -0.045441072434186935 -0.023317091166973114 1.467832326889038 0.0456853061914444 0.9989053010940552 0.010050334967672825 -0.04542240872979164 0.022834863513708115 -0.01110246405005455 0.9996776580810547 0.024160347878932953
1522282595.783282 0.9986154437065125 -0.04672718048095703 -0.024166101589798927 1.4876667261123657 0.04699915647506714 0.9988362789154053 0.010810889303684235 -0.045865748077631 0.023632816970348358 -0.011931704357266426 0.9996495842933655 0.024293383583426476
1522282595.883282 0.9985737204551697 -0.04744027554988861 -0.02449261024594307 1.5068550109863281 0.04776952415704727 0.9987732172012329 0.01303690392524004 -0.046328071504831314 0.023844091221690178 -0.014188310131430626 0.9996150135993958 0.024325214326381683
1522282595.9832819 0.9985708594322205 -0.04696236923336983 -0.025511350482702255 1.5261256694793701 0.04730892553925514 0.9987936019897461 0.013154502958059311 -0.04607248306274414 0.024862805381417274 -0.014342614449560642 0.9995880722999573 0.024935323745012283
1522282596.0832818 0.9985525012016296 -0.0478128045797348 -0.024631481617689133 1.5446805953979492 0.048093751072883606 0.998782753944397 0.010942545719444752 -0.04586806893348694 0.024078309535980225 -0.012111327610909939 0.999636709690094 0.024901723489165306
1522282596.1832817 0.9985270500183105 -0.04786091297864914 -0.025554701685905457 1.563395619392395 0.04806845262646675 0.9988153576850891 0.007569634355604649 -0.04558393731713295 0.025162139907479286 -0.00878685899078846 0.9996448159217834 0.025389840826392174
1522282596.2832816 0.9985591173171997 -0.04721378535032272 -0.025504037737846375 1.5811465978622437 0.047366347163915634 0.9988629817962646 0.0054112812504172325 -0.04562804475426674 0.025219548493623734 -0.006611517630517483 0.999660074710846 0.025732269510626793
1522282596.3832815 0.9985501170158386 -0.047343384474515915 -0.025618351995944977 1.599825143814087 0.0475655198097229 0.998835027217865 0.008131837472319603 -0.04528091847896576 0.025203514844179153 -0.00933859683573246 0.9996387362480164 0.024510633200407028
1522282596.4832814 0.9985469579696655 -0.047188274562358856 -0.02602572552859783 1.618135690689087 0.04752659425139427 0.9987912774085999 0.01253749430179596 -0.044415634125471115 0.025402644649147987 -0.013756189495325089 0.9995825886726379 0.023828374221920967
1522282596.5832813 0.9986124634742737 -0.046080563217401505 -0.02548968605697155 1.635221242904663 0.046409983187913895 0.9988444447517395 0.012486008927226067 -0.045654717832803726 0.024884866550564766 -0.013651659712195396 0.9995971322059631 0.024007119238376617
1522282596.6832812 0.9985942840576172 -0.04714284464716911 -0.024233555421233177 1.652902603149414 0.04737595468759537 0.9988352656364441 0.009136386215686798 -0.046135276556015015 0.02377462200820446 -0.010271630249917507 0.9996644854545593 0.02297068201005459
1522282596.783281 0.9985509514808655 -0.04859533905982971 -0.02311684563755989 1.6701109409332275 0.0487951785326004 0.9987754225730896 0.008160511963069439 -0.04680619388818741 0.02269197441637516 -0.009276676923036575 0.9996994137763977 0.021826164796948433
1522282596.883281 0.9985572099685669 -0.04890561103820801 -0.022174781188368797 1.6870975494384766 0.049115803092718124 0.9987521767616272 0.00903533585369587 -0.047730445861816406 0.02170523628592491 -0.010111434385180473 0.9997132420539856 0.02028399333357811
1522282596.983281 0.9985148310661316 -0.04958329349756241 -0.022572990506887436 1.704913854598999 0.04978018254041672 0.9987261295318604 0.008245435543358326 -0.047379765659570694 0.02213539555668831 -0.009356878697872162 0.9997112154960632 0.01901155710220337
1522282597.0832808 0.9985589385032654 -0.04923523962497711 -0.021351493895053864 1.7221075296401978 0.04937960207462311 0.9987602233886719 0.0062871589325368404 -0.04671429097652435 0.021015476435422897 -0.00733242928981781 0.9997522234916687 0.01669156365096569
1522282597.1832807 0.9985510110855103 -0.05027998238801956 -0.019176822155714035 1.738721489906311 0.05047370120882988 0.9986777305603027 0.009755080565810204 -0.04688398540019989 0.018660979345440865 -0.010708870366215706 0.9997684955596924 0.01329103671014309
1522282597.2832806 0.9985363483428955 -0.051259685307741165 -0.017246220260858536 1.7556884288787842 0.05157601088285446 0.9984990954399109 0.018426256254315376 -0.04709160327911377 0.016275811940431595 -0.01928878203034401 0.9996814727783203 0.009780080989003181
1522282597.3832805 0.9984694123268127 -0.05311054736375809 -0.015425250865519047 1.7741913795471191 0.05343716964125633 0.9983376860618591 0.021596260368824005 -0.04842894896864891 0.01425261702388525 -0.022387489676475525 0.9996477961540222 0.0077467989176511765
1522282597.4832804 0.9983710050582886 -0.05558556318283081 -0.012863382697105408 1.7929720878601074 0.055845633149147034 0.9982221722602844 0.020828505977988243 -0.05020253732800484 0.011682752519845963 -0.021512944251298904 0.9997004866600037 0.006108516827225685
1522282597.5832803 0.998282790184021 -0.05762770026922226 -0.010518155992031097 1.811186671257019 0.05779160186648369 0.9982004165649414 0.016007430851459503 -0.050062086433172226 0.009576757438480854 -0.01658780500292778 0.9998165965080261 0.004941848106682301
1522282597.6832802 0.9984630942344666 -0.054434895515441895 -0.01041464600712061 1.8314458131790161 0.05460772663354874 0.9983615279197693 0.017100639641284943 -0.051283858716487885 0.009466715157032013 -0.01764308102428913 0.9997996687889099 0.004332610405981541
1522282597.7832801 0.9986420273780823 -0.05141043663024902 -0.008429992944002151 1.8510949611663818 0.0515499971807003 0.998521089553833 0.017269380390644073 -0.04893064498901367 0.007529699243605137 -0.017680494114756584 0.9998153448104858 0.0023674294352531433
1522282597.88328 0.9986605644226074 -0.05112425982952118 -0.00795751716941595 1.8709138631820679 0.051303740590810776 0.9983881115913391 0.024275265634059906 -0.04728630930185318 0.006703634280711412 -0.02465100586414337 0.99967360496521 0.00040069594979286194
1522282597.98328 0.9986903071403503 -0.04994913190603256 -0.011077115312218666 1.891964077949524 0.05026087164878845 0.9982878565788269 0.02992120012640953 -0.04364223778247833 0.00956361647695303 -0.03043876588344574 0.9994909763336182 0.0003158301115036011
1522282598.0832798 0.998629629611969 -0.050385843962430954 -0.014148288406431675 1.9126827716827393 0.050755131989717484 0.9983437657356262 0.02708270587027073 -0.041931360960006714 0.012760273180902004 -0.027763692662119865 0.9995330572128296 0.0012288223952054977
1522282598.1832798 0.998512864112854 -0.0516783632338047 -0.017360372468829155 1.9330039024353027 0.05204687640070915 0.9984133243560791 0.021491993218660355 -0.04083263501524925 0.0162221547216177 -0.022363584488630295 0.9996182322502136 0.003193935379385948
1522282598.2832797 0.998587429523468 -0.04890044778585434 -0.020782507956027985 1.9543434381484985 0.049313873052597046 0.9985856413841248 0.01986873894929886 -0.040561743080616 0.01978152059018612 -0.020865539088845253 0.9995865225791931 0.005921617150306702
1522282598.3832796 0.9986569881439209 -0.0461551807820797 -0.02353847213089466 1.9746615886688232 0.04663727805018425 0.9987043738365173 0.02036064676940441 -0.039981599897146225 0.022568225860595703 -0.02143106795847416 0.9995155930519104 0.00912412628531456
1522282598.4832795 0.9986147880554199 -0.0451352633535862 -0.027042269706726074 1.9960130453109741 0.04569169506430626 0.9987488389015198 0.020324230194091797 -0.0395745187997818 0.026091095060110092 -0.021531684324145317 0.9994276762008667 0.01307610422372818
1522282598.5832794 0.998416543006897 -0.04754336178302765 -0.03006601333618164 2.0160627365112305 0.048134785145521164 0.9986551403999329 0.019262734800577164 -0.03856663405895233 0.029109761118888855 -0.020679455250501633 0.9993622899055481 0.018253594636917114
1522282598.6832793 0.9982290267944336 -0.04982613027095795 -0.03249972686171532 2.0360829830169678 0.05035671964287758 0.9986076354980469 0.01571688987314701 -0.037434592843055725 0.03167136013507843 -0.017325637862086296 0.9993481636047363 0.02454254776239395
1522282598.7832792 0.9980831742286682 -0.052076783031225204 -0.03343609720468521 2.0569052696228027 0.052503544837236404 0.9985484480857849 0.012014351785182953 -0.03802575170993805 0.032761894166469574 -0.013746838085353374 0.9993686676025391 0.03090726211667061
1522282598.883279 0.9979957938194275 -0.05392135679721832 -0.03311942517757416 2.076765775680542 0.054221250116825104 0.9984950423240662 0.008223893120884895 -0.038674406707286835 0.03262614458799362 -0.010003188624978065 0.9994175434112549 0.037268929183483124
1522282598.983279 0.9979963898658752 -0.05396473780274391 -0.03303176164627075 2.0974280834198 0.05420142039656639 0.9985100626945496 0.006311645265668631 -0.038500700145959854 0.0326419398188591 -0.008089367300271988 0.9994344711303711 0.043507106602191925
1522282599.083279 0.998144805431366 -0.05069436505436897 -0.033721473067998886 2.1191108226776123 0.05096404254436493 0.9986745715141296 0.007185851223766804 -0.038294240832328796 0.03331249952316284 -0.008891102857887745 0.9994054436683655 0.04914338141679764
1522282599.1832788 0.9982841610908508 -0.047531940042972565 -0.034197695553302765 2.140371561050415 0.04791931435465813 0.9987949132919312 0.010597996413707733 -0.0380236841738224 0.033652737736701965 -0.012218544259667397 0.9993588924407959 0.0545680895447731
1522282599.2832787 0.9984253644943237 -0.043840207159519196 -0.034999191761016846 2.162116765975952 0.04430139437317848 0.9989397525787354 0.01251177117228508 -0.037593815475702286 0.034413572400808334 -0.014042581431567669 0.9993090629577637 0.060332197695970535
1522282599.3832786 0.9985314011573792 -0.04261550307273865 -0.03345026448369026 2.1820600032806396 0.04299814626574516 0.9990167617797852 0.010804076679050922 -0.03649336099624634 0.03295695781707764 -0.012226511724293232 0.999381959438324 0.06642268598079681
1522282599.4832785 0.9984812140464783 -0.04408125951886177 -0.03304385021328926 2.2023727893829346 0.044287849217653275 0.9990033507347107 0.005546159110963345 -0.03452857583761215 0.0327664352953434 -0.007001177407801151 0.999438464641571 0.07269410043954849
1522282599.5832784 0.9984133839607239 -0.046795692294836044 -0.03131885454058647 2.2213504314422607 0.046896353363990784 0.9988967180252075 0.002486749552190304 -0.033666543662548065 0.031167931854724884 -0.003951543942093849 0.9995063543319702 0.07906235754489899
1522282599.6832783 0.9983704090118408 -0.04831153154373169 -0.03037046454846859 2.240569591522217 0.048378508538007736 0.9988279938697815 0.0014741203049197793 -0.03208475187420845 0.030263660475611687 -0.002940995851531625 0.9995375871658325 0.08510766923427582
1522282599.7832782 0.9984071850776672 -0.048185817897319794 -0.02934299409389496 2.2594683170318604 0.04820191487669945 0.9988377094268799 -0.00015865499153733253 -0.03044058196246624 0.029316527768969536 -0.001255986513569951 0.9995694160461426 0.0909774973988533
1522282599.8832781 0.9985324740409851 -0.04700133949518204 -0.026902690529823303 2.2769925594329834 0.04697816073894501 0.9988946914672852 -0.0014934054343029857 -0.030420614406466484 0.026943152770400047 0.00022737542167305946 0.9996368885040283 0.09613871574401855
1522282599.983278 0.9989264011383057 -0.038332827389240265 -0.026013173162937164 2.2958192825317383 0.03832674026489258 0.9992649555206299 -0.0007328612264245749 -0.030991176143288612 0.02602214552462101 -0.00026492562028579414 0.9996614456176758 0.10078821331262589
1522282600.083278 0.9993316531181335 -0.028711657971143723 -0.022624893113970757 2.3115108013153076 0.028623592108488083 0.9995814561843872 -0.0042068869806826115 -0.025148902088403702 0.022736212238669395 0.0035564701538532972 0.9997351765632629 0.10380353033542633
1522282600.1832778 0.9993749260902405 -0.027558980509638786 -0.022137431427836418 2.327162265777588 0.027372848242521286 0.9995875954627991 -0.008667639456689358 -0.009277059696614742 0.022367175668478012 0.008056256920099258 0.9997174739837646 0.10699725151062012
1522282600.2832778 0.9992696046829224 -0.03209513798356056 -0.020734909921884537 2.339962959289551 0.03195200487971306 0.9994635581970215 -0.00719764968380332 0.0073660919442772865 0.020954789593815804 0.006529873702675104 0.9997591376304626 0.10866822302341461
1522282600.3832777 0.999221682548523 -0.03414282202720642 -0.01975400559604168 2.3521313667297363 0.03399214893579483 0.9993907809257507 -0.007913855835795403 0.02189343236386776 0.02001216635107994 0.007236216217279434 0.9997736215591431 0.10958724468946457
1522282600.4832776 0.9993000626564026 -0.033471547067165375 -0.016701584681868553 2.3621511459350586 0.03331921994686127 0.9994012713432312 -0.00931765977293253 0.034075815230607986 0.017003457993268967 0.008754655718803406 0.9998170733451843 0.1085156798362732
1522282600.5832775 0.9995158314704895 -0.027548514306545258 -0.014459504745900631 2.372337818145752 0.027393976226449013 0.9995666146278381 -0.010779142379760742 0.04332105070352554 0.014750190079212189 0.010377820581197739 0.999837338924408 0.105997234582901
1522282600.6832774 0.9997432827949524 -0.01921919360756874 -0.011996470391750336 2.3799736499786377 0.019099460914731026 0.9997674226760864 -0.010016655549407005 0.04928033798933029 0.012186191976070404 0.009784957394003868 0.9998779296875 0.10137606412172318
1522282600.7832773 0.9998140931129456 -0.01667654700577259 -0.009676084853708744 2.384843349456787 0.01663501374423504 0.9998522400856018 -0.004356831777840853 0.05320148169994354 0.009747312404215336 0.004195061512291431 0.9999436736106873 0.09470857679843903
1522282600.8832772 0.9997532367706299 -0.020163752138614655 -0.009312357753515244 2.388772964477539 0.020205633714795113 0.9997860193252563 0.004425613209605217 0.05505363643169403 0.00922112725675106 -0.004612681455910206 0.9999467730522156 0.08769209682941437
1522282600.983277 0.9996118545532227 -0.027041921392083168 -0.006701819598674774 2.389516592025757 0.027089392766356468 0.9996078014373779 0.0070971157401800156 0.057028837502002716 0.006507272832095623 -0.0072759101167321205 0.9999523758888245 0.0794689878821373
1522282601.083277 0.999332070350647 -0.036276549100875854 -0.004438880831003189 2.3896214962005615 0.036301594227552414 0.9993246793746948 0.005697714164853096 0.06595450639724731 0.004229191690683365 -0.005855046212673187 0.9999739527702332 0.07061649113893509
1522282601.183277 0.9991903305053711 -0.0400921031832695 -0.003371260827407241 2.3893775939941406 0.040109045803546906 0.9991821646690369 0.005116952583193779 0.0829581692814827 0.0031633537728339434 -0.005248027853667736 0.9999812245368958 0.06152374669909477
1522282601.2832768 0.9992082715034485 -0.03959184139966965 -0.003937858622521162 2.38901424407959 0.03963986039161682 0.9991297721862793 0.01297152228653431 0.10035669803619385 0.003420865163207054 -0.013117346912622452 0.9999081492424011 0.05232164263725281
1522282601.3832767 0.9992708563804626 -0.03786490857601166 -0.004902984015643597 2.388273000717163 0.03795357793569565 0.9990898370742798 0.01946934312582016 0.1158100813627243 0.004161315504461527 -0.01964123360812664 0.9997984170913696 0.04342262074351311
1522282601.4832766 0.9991967678070068 -0.0394052229821682 -0.007297141943126917 2.3876872062683105 0.03953700140118599 0.9990394711494446 0.018893644213676453 0.12841707468032837 0.006545624695718288 -0.0191669724881649 0.9997948408126831 0.03539195656776428
1522282601.5832765 0.9990311861038208 -0.04311034455895424 -0.008844563737511635 2.386908769607544 0.043260347098112106 0.9989100098609924 0.017534855753183365 0.13824084401130676 0.008078987710177898 -0.017900485545396805 0.9998071193695068 0.02626281976699829
1522282601.6832764 0.9989182353019714 -0.0455399714410305 -0.009407931938767433 2.385817766189575 0.04573370888829231 0.9987217783927917 0.021521707996726036 0.14727893471717834 0.008415808901190758 -0.021928684785962105 0.9997240900993347 0.016484733670949936
1522282601.7832763 0.9987019896507263 -0.04988034442067146 -0.010317839682102203 2.3856470584869385 0.05014805495738983 0.9983614683151245 0.02755824476480484 0.15550506114959717 0.008926318027079105 -0.02803988941013813 0.999566912651062 0.0068414462730288506
1522282601.8832762 0.9986327886581421 -0.051301248371601105 -0.010041357018053532 2.387089252471924 0.05155510455369949 0.9983075261116028 0.02690812200307846 0.1629805713891983 0.008643941953778267 -0.02738901413977146 0.9995874166488647 -0.001980246976017952
1522282601.9832761 0.9987246990203857 -0.04994906112551689 -0.007354282774031162 2.3893868923187256 0.05011838674545288 0.9984305500984192 0.02499225363135338 0.1689368039369583 0.006094401702284813 -0.025328969582915306 0.9996606111526489 -0.010440636426210403
1522282602.083276 0.9986907243728638 -0.05088964104652405 -0.00521397590637207 2.3924105167388916 0.05103267356753349 0.9981681108474731 0.03249751031398773 0.17855192720890045 0.0035506379790604115 -0.03272104263305664 0.9994582533836365 -0.020186765119433403
1522282602.183276 0.998606264591217 -0.052755292505025864 -0.0015334971249103546 2.3937718868255615 0.052774474024772644 0.9978111982345581 0.03984415531158447 0.20016951858997345 -0.0005718497559428215 -0.03986954689025879 0.999204695224762 -0.029319696128368378
1522282602.2832758 0.9986412525177002 -0.052073877304792404 -0.00199376093223691 2.398710250854492 0.052111975848674774 0.9979643821716309 0.03676263242959976 0.22459830343723297 7.532999006798491e-05 -0.03681657835841179 0.9993219971656799 -0.03429293632507324
1522282602.3832757 0.9987854361534119 -0.049269985407590866 -0.0006688742432743311 2.4030539989471436 0.04926764592528343 0.9983267188072205 0.030273370444774628 0.24452029168605804 -0.0008238134905695915 -0.030269548296928406 0.9995414018630981 -0.039477214217185974
