1522367122.8927233 0.9999678730964661 -0.007781378459185362 -0.0019239119719713926 0.026853451505303383 0.007765431422740221 0.9999364614486694 -0.008161988109350204 0.004382602870464325 0.001987301278859377 0.008146785199642181 0.9999648332595825 0.03169429302215576
1522367122.9927232 0.9999439716339111 -0.01057447586208582 -2.6508938390179537e-05 0.02945948764681816 0.010573934763669968 0.9999127984046936 -0.007906285114586353 0.004918100778013468 0.00011011141032213345 0.007905562408268452 0.9999687075614929 0.0355939082801342
1522367123.0927231 0.9999374151229858 -0.010999031364917755 0.0020471527241170406 0.03213956579566002 0.011010163463652134 0.9999242424964905 -0.0055082072503864765 0.005270055960863829 -0.0019864127971231937 0.005530402064323425 0.9999827146530151 0.03976293280720711
1522367123.192723 0.9999170899391174 -0.01251387968659401 0.0030308852437883615 0.032700713723897934 0.01250853855162859 0.9999203085899353 0.0017743086209520698 0.004890101961791515 -0.0030528472270816565 -0.0017362498911097646 0.9999938011169434 0.04008972644805908
1522367123.292723 0.999829888343811 -0.017959514632821083 0.004194506444036961 0.03242876008152962 0.017923083156347275 0.9998027682304382 0.008566156961023808 0.0039765178225934505 -0.004347523208707571 -0.008489523082971573 0.9999544620513916 0.04177698493003845
1522367123.3927228 0.9997508525848389 -0.021707400679588318 0.005202360916882753 0.031741827726364136 0.0216701440513134 0.9997398853302002 0.007113805506378412 0.0013012414565309882 -0.005355430766940117 -0.006999297998845577 0.9999611377716064 0.044960860162973404
1522367123.4927227 0.9997097253799438 -0.02338227443397045 0.005807938519865274 0.030493352562189102 0.02337123639881611 0.9997249245643616 0.00196115393191576 -0.0014084188733249903 -0.005852196831256151 -0.0018248461419716477 0.999981164932251 0.0469454750418663
1522367123.5927227 0.9996456503868103 -0.025376329198479652 0.008038497529923916 0.02530311420559883 0.025383811444044113 0.9996774196624756 -0.0008302648202516139 -0.003933822736144066 -0.008014836348593235 0.0010340184671804309 0.9999672770500183 0.044633615761995316
1522367123.6927226 0.9996393322944641 -0.02609039843082428 0.006350057199597359 0.02748199738562107 0.02609994262456894 0.9996583461761475 -0.0014246305217966437 -0.0050580776296556 -0.006310717668384314 0.001589852967299521 0.9999788403511047 0.04834720864892006
1522367123.7927225 0.9996755719184875 -0.02445071004331112 0.007138239685446024 0.02335173450410366 0.024443157017230988 0.9997005462646484 0.0011434581829234958 -0.006309219636023045 -0.007164060603827238 -0.00096860621124506 0.9999738335609436 0.04576297849416733
1522367123.8927224 0.9997493028640747 -0.0213520135730505 0.0067339795641601086 0.022358747199177742 0.021328425034880638 0.9997662305831909 0.003555213799700141 -0.007938648574054241 -0.006808317266404629 -0.0034106969833374023 0.9999710321426392 0.04563508927822113
1522367123.9927223 0.9997768998146057 -0.020334122702479362 0.005710492841899395 0.020851610228419304 0.020317843183875084 0.9997894763946533 0.0028944723308086395 -0.01016131229698658 -0.005768146365880966 -0.00277780182659626 0.9999794960021973 0.045535724610090256
1522367124.0927222 0.9997891783714294 -0.020341558381915092 0.0027676348108798265 0.02123142220079899 0.02033855766057968 0.9997925162315369 0.001105825649574399 -0.01201286818832159 -0.0027895551174879074 -0.0010493028676137328 0.9999955296516418 0.04565240442752838
1522367124.192722 0.999773383140564 -0.021282337605953217 0.0005776649340987206 0.019290734082460403 0.021280892193317413 0.9997706413269043 0.002402118407189846 -0.012727942317724228 -0.0006286553107202053 -0.0023892808239907026 0.9999969005584717 0.044009730219841
1522367124.292722 0.9995858669281006 -0.028741633519530296 -0.0013336320407688618 0.016295291483402252 0.028745941817760468 0.9995810985565186 0.003334915032610297 -0.013817505910992622 0.0012372219935059547 -0.0033718710765242577 0.9999935030937195 0.04154515266418457
1522367124.392722 0.9977527260780334 -0.06687886267900467 -0.004122921731323004 0.012475176714360714 0.06692124903202057 0.9976955652236938 0.011179895140230656 -0.01319964975118637 0.0033657224848866463 -0.011430681683123112 0.9999290108680725 0.03758411109447479
1522367124.4927218 0.9958763122558594 -0.09044098854064941 -0.0071271853521466255 0.01401322428137064 0.09057752788066864 0.9956465363502502 0.0219937264919281 -0.011941439472138882 0.005107023287564516 -0.02254859358072281 0.9997327327728271 0.03491080552339554
1522367124.5927217 0.9961490631103516 -0.08720128238201141 -0.009110621176660061 0.022927280515432358 0.08740882575511932 0.9958430528640747 0.025619229301810265 -0.010380372405052185 0.006838717497885227 -0.026316925883293152 0.9996301531791687 0.0351739302277565
1522367124.6927216 0.9975654482841492 -0.06921491026878357 -0.008519304916262627 0.03610195219516754 0.06938327848911285 0.9973610639572144 0.02137346938252449 -0.010927952826023102 0.007017461117357016 -0.021912530064582825 0.9997351765632629 0.03700989857316017
1522367124.7927215 0.9984251260757446 -0.055503472685813904 -0.008162875659763813 0.05450921505689621 0.05560816824436188 0.9983652830123901 0.013211951591074467 -0.012167788110673428 0.007416223641484976 -0.013645063154399395 0.9998793005943298 0.03780362010002136
1522367124.8927214 0.9987702965736389 -0.04900498688220978 -0.007504456210881472 0.07442173361778259 0.049057766795158386 0.9987712502479553 0.007017785683274269 -0.012314223684370518 0.0071513294242322445 -0.007377306465059519 0.999947190284729 0.03809304162859917
1522367124.9927213 0.9988518357276917 -0.04756699874997139 -0.005693531595170498 0.09471282362937927 0.0476066879928112 0.9988412857055664 0.007051567081362009 -0.011926621198654175 0.005351513624191284 -0.007314520888030529 0.999958872795105 0.03743436560034752
1522367125.0927212 0.9989394545555115 -0.04592644050717354 -0.003252713941037655 0.11729678511619568 0.04595690965652466 0.9988932609558105 0.01001200545579195 -0.011102003045380116 0.00278929783962667 -0.010150873102247715 0.9999445676803589 0.03716597706079483
1522367125.1927211 0.9990135431289673 -0.04440263286232948 -0.0005002541001886129 0.13915199041366577 0.04440539702773094 0.9989303946495056 0.01289144717156887 -0.011446057818830013 -7.269531488418579e-05 -0.012900945730507374 0.9999167919158936 0.037747520953416824
1522367125.292721 0.9989129304885864 -0.046532392501831055 0.002757669659331441 0.16344213485717773 0.04650271683931351 0.9988681674003601 0.00999368540942669 -0.012572487816214561 -0.003219578182324767 -0.009854581207036972 0.9999461770057678 0.038770515471696854
1522367125.392721 0.9986637234687805 -0.05114930868148804 0.007363756652921438 0.18840211629867554 0.051091212779283524 0.9986629486083984 0.007871955633163452 -0.014054160565137863 -0.007756555452942848 -0.007485212758183479 0.999941885471344 0.03936916962265968
1522367125.4927208 0.9985538125038147 -0.052412353456020355 0.011968055739998817 0.21253296732902527 0.05237530916929245 0.9986216425895691 0.0033884618896991014 -0.015041758306324482 -0.012129155918955803 -0.0027567297220230103 0.9999226331710815 0.04065914824604988
1522367125.5927207 0.9985143542289734 -0.05243748426437378 0.014809065498411655 0.2386288344860077 0.05241687595844269 0.9986236691474915 0.0017761046765372157 -0.016577592119574547 -0.014881816692650318 -0.000997221446596086 0.9998887181282043 0.04078366234898567
1522367125.6927207 0.9986034035682678 -0.050629712641239166 0.01509472168982029 0.26553255319595337 0.05052882432937622 0.9986980557441711 0.0069917431101202965 -0.01639234460890293 -0.015429064631462097 -0.006219259463250637 0.9998615384101868 0.03979121148586273
1522367125.7927206 0.9986109733581543 -0.05073397979140282 0.014220625162124634 0.29293182492256165 0.05055796355009079 0.9986432194709778 0.01247507892549038 -0.018159443512558937 -0.014834241941571236 -0.011738783679902554 0.9998210072517395 0.04038918390870094
1522367125.8927205 0.9986634850502014 -0.0501246303319931 0.012602143920958042 0.32110315561294556 0.049965061247348785 0.9986705780029297 0.01267335843294859 -0.021524833515286446 -0.013220635242760181 -0.012026755139231682 0.999840259552002 0.04108237102627754
1522367125.9927204 0.9987809658050537 -0.04822758212685585 0.01052488200366497 0.3496936559677124 0.04809960350394249 0.9987694025039673 0.012091629207134247 -0.025519341230392456 -0.011095079593360424 -0.011570647358894348 0.9998714327812195 0.04259302839636803
1522367126.0927203 0.9988327622413635 -0.04771266505122185 0.007527834735810757 0.378945916891098 0.04763840138912201 0.998816967010498 0.009755650535225868 -0.029340572655200958 -0.007984395138919353 -0.009385648183524609 0.9999240636825562 0.04423944279551506
1522367126.1927202 0.9989223480224609 -0.04615557938814163 0.0048836106434464455 0.40819352865219116 0.04611096903681755 0.9988967776298523 0.008884494192898273 -0.03217680752277374 -0.005288291722536087 -0.008649731054902077 0.9999486207962036 0.0457969531416893
1522367126.29272 0.9989727139472961 -0.04524897038936615 0.00245897239074111 0.438766747713089 0.04521923139691353 0.9989160895347595 0.011037575080990791 -0.03400442749261856 -0.0029557449743151665 -0.010915045626461506 0.999936044216156 0.04717312008142471
1522367126.39272 0.9990683794021606 -0.04314705356955528 0.0008697980083525181 0.4690929055213928 0.043127626180648804 0.9989412426948547 0.016010811552405357 -0.03517604246735573 -0.00155969662591815 -0.015958383679389954 0.9998714327812195 0.04851221293210983
1522367126.49272 0.9990416169166565 -0.04376841336488724 6.7483342718333e-05 0.499888151884079 0.04376065358519554 0.998891294002533 0.017356228083372116 -0.03664839640259743 -0.0008270632242783904 -0.0173366479575634 0.9998493194580078 0.051163941621780396
1522367126.5927198 0.9987526535987854 -0.04992896318435669 -0.0001739310973789543 0.5306997895240784 0.04992495849728584 0.9986147284507751 0.01661575399339199 -0.0387050025165081 -0.0006559173343703151 -0.016603713855147362 0.9998618960380554 0.05343763157725334
1522367126.6927197 0.998457133769989 -0.05551881343126297 -0.0009201520588248968 0.5625991225242615 0.05552630126476288 0.9983558058738708 0.014227933250367641 -0.03928880766034126 0.00012872100342065096 -0.014257076196372509 0.9998983144760132 0.05553199350833893
1522367126.7927196 0.998394250869751 -0.05664565786719322 0.00023233008687384427 0.5953236222267151 0.056638047099113464 0.9983126521110535 0.012808633968234062 -0.04119424894452095 -0.0009574920986779034 -0.01277491170912981 0.9999179244041443 0.05703573673963547
1522367126.8927195 0.998550534248352 -0.05382191389799118 -2.0827705156989396e-05 0.6302050948143005 0.053819261491298676 0.9984974265098572 0.01032312959432602 -0.04311046749353409 -0.0005348146078176796 -0.010309292003512383 0.9999467134475708 0.05849407613277435
1522367126.9927194 0.99882972240448 -0.04836404696106911 8.351776341442019e-05 0.6649684309959412 0.04836151376366615 0.9987924098968506 0.008661855012178421 -0.044404108077287674 -0.000502340029925108 -0.008647682145237923 0.9999624490737915 0.058653444051742554
1522367127.0927193 0.9989330172538757 -0.0461387075483799 -0.00200927653349936 0.7015544772148132 0.04616175591945648 0.998842179775238 0.013541352935135365 -0.04805062338709831 0.0013821696629747748 -0.01361965574324131 0.9999063014984131 0.05827701836824417
1522367127.1927192 0.9989646077156067 -0.04509621858596802 -0.005998836364597082 0.7391918897628784 0.045206546783447266 0.9987825155258179 0.019741687923669815 -0.05221777781844139 0.005101257935166359 -0.019992437213659286 0.9997870922088623 0.0585203655064106
1522367127.2927191 0.9990260004997253 -0.04347321018576622 -0.007558316923677921 0.7729890942573547 0.04360479861497879 0.9988826513290405 0.018218033015727997 -0.05354715511202812 0.0067578754387795925 -0.018529867753386497 0.9998054504394531 0.059251122176647186
1522367127.392719 0.999061107635498 -0.041643206030130386 -0.011949703097343445 0.8098800778388977 0.041801996529102325 0.9990365505218506 0.013360963203012943 -0.055942852050065994 0.011381799355149269 -0.013847943395376205 0.9998393058776855 0.06099200248718262
1522367127.492719 0.9991101622581482 -0.03904331102967262 -0.015946516767144203 0.8449985980987549 0.03920626640319824 0.9991807341575623 0.010037374682724476 -0.0582691915333271 0.0155415590852499 -0.010653648525476456 0.9998224377632141 0.06297069042921066
1522367127.5927188 0.9990720748901367 -0.03727297857403755 -0.021582774817943573 0.8811606764793396 0.03751517832279205 0.9992362856864929 0.010927594266831875 -0.06150108575820923 0.021158989518880844 -0.011727135628461838 0.9997072815895081 0.06516111642122269
1522367127.6927187 0.999011754989624 -0.03633612394332886 -0.02559426613152027 0.9160516858100891 0.03658289834856987 0.999288022518158 0.009240361861884594 -0.06094789505004883 0.025240283459424973 -0.010167541913688183 0.9996296763420105 0.06640182435512543
1522367127.7927186 0.9989367127418518 -0.03554847091436386 -0.029353080317378044 0.9505583047866821 0.03579641506075859 0.9993274211883545 0.007965164259076118 -0.061857178807258606 0.029050184413790703 -0.00900743156671524 0.9995373487472534 0.0680033415555954
1522367127.8927186 0.9988342523574829 -0.03784563019871712 -0.02996388077735901 0.9830266833305359 0.03811005502939224 0.9992390871047974 0.008303314447402954 -0.06309256702661514 0.029626838862895966 -0.009435559622943401 0.9995164275169373 0.0693231150507927
1522367127.9927185 0.998746395111084 -0.039585892111063004 -0.030634615570306778 1.0176955461502075 0.039981428533792496 0.9991233944892883 0.012408335693180561 -0.06435303390026093 0.03011656366288662 -0.013617598451673985 0.999453604221344 0.0694442167878151
1522367128.0927184 0.9987696409225464 -0.03972945734858513 -0.029676759615540504 1.0515931844711304 0.040159549564123154 0.9990946650505066 0.014039603061974049 -0.06422973424196243 0.029092106968164444 -0.015214135870337486 0.9994609355926514 0.0706072747707367
1522367128.1927183 0.9987806081771851 -0.04057898744940758 -0.028117235749959946 1.0848770141601562 0.0409247986972332 0.9990921020507812 0.011834436096251011 -0.06588242948055267 0.02761147916316986 -0.012970698066055775 0.9995346069335938 0.07232408970594406
1522367128.2927182 0.9988208413124084 -0.0418296679854393 -0.024639522656798363 1.1154472827911377 0.04202185943722725 0.9990896582603455 0.007333885412663221 -0.06732980906963348 0.024310322478413582 -0.008360633626580238 0.9996694326400757 0.07282599061727524
1522367128.392718 0.9988126158714294 -0.04159300774335861 -0.025366708636283875 1.1492880582809448 0.0416935458779335 0.9991244673728943 0.003446830902248621 -0.06877253949642181 0.025201136246323586 -0.004500365350395441 0.9996722340583801 0.07435887306928635
1522367128.492718 0.9988549947738647 -0.040384963154792786 -0.02564743533730507 1.181960940361023 0.040503259748220444 0.9991708397865295 0.00410905946046114 -0.0711531713604927 0.02546023204922676 -0.005143158603459597 0.9996626377105713 0.07435670495033264
1522367128.592718 0.9988727569580078 -0.0404743067920208 -0.024800987914204597 1.2128701210021973 0.04062321037054062 0.9991592168807983 0.0055299480445683 -0.0706527903676033 0.024556316435337067 -0.006531210616230965 0.9996770620346069 0.07243774831295013
1522367128.6927178 0.9988182783126831 -0.04106714576482773 -0.025990856811404228 1.244993805885315 0.041233841329813004 0.9991320371627808 0.005910262931138277 -0.06981302797794342 0.025725578889250755 -0.006974982097744942 0.9996446371078491 0.07122959196567535
1522367128.7927177 0.9988715648651123 -0.03964526206254959 -0.026150759309530258 1.2765408754348755 0.039824068546295166 0.9991865158081055 0.00635240413248539 -0.06985060125589371 0.02587764337658882 -0.007386665791273117 0.9996377825737 0.06883396208286285
1522367128.8927176 0.9988120794296265 -0.039940740913152695 -0.027916153892874718 1.3088877201080322 0.04019015654921532 0.9991564750671387 0.008430925197899342 -0.07031987607479095 0.02755586802959442 -0.009542864747345448 0.9995747208595276 0.06608691811561584
1522367128.9927175 0.9988973140716553 -0.03774212673306465 -0.027923835441470146 1.3397884368896484 0.03795953094959259 0.9992525577545166 0.0072965435683727264 -0.06891052424907684 0.027627576142549515 -0.00834847241640091 0.9995834231376648 0.06235666945576668
1522367129.0927174 0.9989789128303528 -0.03475242853164673 -0.028870172798633575 1.3712729215621948 0.03496432304382324 0.999364972114563 0.006867237854748964 -0.06712764501571655 0.02861318364739418 -0.007869651541113853 0.9995595812797546 0.05884893238544464
1522367129.1927173 0.9988489747047424 -0.03820524737238884 -0.029002688825130463 1.4000123739242554 0.038448818027973175 0.999229371547699 0.00788725446909666 -0.0680154412984848 0.028679002076387405 -0.008993295021355152 0.9995482563972473 0.05611591786146164
1522367129.2927172 0.9989630579948425 -0.03627147898077965 -0.02751917392015457 1.4286874532699585 0.03645123168826103 0.9993169903755188 0.006058279424905777 -0.06651701033115387 0.027280637994408607 -0.0070551056414842606 0.9996028542518616 0.05088803917169571
1522367129.3927171 0.9988715648651123 -0.03955734148621559 -0.026283374056220055 1.4558898210525513 0.039802487939596176 0.9991681575775146 0.008869726210832596 -0.06298314034938812 0.025910647585988045 -0.0099058598279953 0.9996151924133301 0.04505908116698265
1522367129.492717 0.9986907839775085 -0.0437350831925869 -0.02652919478714466 1.4835214614868164 0.044179517775774 0.9988889694213867 0.016404403373599052 -0.06043523922562599 0.02578226663172245 -0.017554976046085358 0.9995134472846985 0.0404355563223362
1522367129.592717 0.9985915422439575 -0.04554274305701256 -0.027217751368880272 1.511027216911316 0.046127669513225555 0.9987092018127441 0.021263375878334045 -0.06012088805437088 0.026214227080345154 -0.022488916292786598 0.9994033575057983 0.03772670775651932
1522367129.6927168 0.9986006617546082 -0.04529157280921936 -0.027302339673042297 1.538252353668213 0.04583534225821495 0.9987560510635376 0.019630813971161842 -0.05956622213125229 0.026379266753792763 -0.020854758098721504 0.9994343519210815 0.03500010445713997
1522367129.7927167 0.9985893964767456 -0.04582614079117775 -0.026819132268428802 1.565040111541748 0.04620901122689247 0.9988360404968262 0.0138343945145607 -0.05831972137093544 0.026153938844799995 -0.015054166316986084 0.9995445013046265 0.035000503063201904
1522367129.8927166 0.9986060857772827 -0.04572214558720589 -0.02636970765888691 1.5918099880218506 0.04599102586507797 0.998894989490509 0.009681567549705505 -0.0584648959338665 0.025897905230522156 -0.010880843736231327 0.9996052980422974 0.034719910472631454
1522367129.9927166 0.9985946416854858 -0.04612457752227783 -0.026101740077137947 1.6180453300476074 0.04631829261779785 0.9989030957221985 0.0068659670650959015 -0.05689758062362671 0.025756418704986572 -0.008065305650234222 0.9996356964111328 0.035622935742139816
1522367130.0927165 0.9985864162445068 -0.04723161831498146 -0.024377958849072456 1.644039273262024 0.047431014478206635 0.998845100402832 0.007666324265301228 -0.05716104060411453 0.02398771606385708 -0.00881175883114338 0.9996734261512756 0.03335694223642349
1522367130.1927164 0.9985230565071106 -0.048414990305900574 -0.024647003039717674 1.6706595420837402 0.04865124449133873 0.9987745881080627 0.009077692404389381 -0.0567471906542778 0.024177301675081253 -0.010263391770422459 0.99965500831604 0.03308629244565964
1522367130.2927163 0.9985304474830627 -0.048345502465963364 -0.02448577992618084 1.6966273784637451 0.04859640449285507 0.9987709522247314 0.009757287800312042 -0.05563424527645111 0.023983962833881378 -0.010932869277894497 0.9996525645256042 0.03217368572950363
1522367130.3927162 0.9985759258270264 -0.04769023880362511 -0.023911073803901672 1.7224525213241577 0.04797793924808502 0.9987809658050537 0.011606086045503616 -0.05497216805815697 0.02332843467593193 -0.012736763805150986 0.9996466636657715 0.031104672700166702
1522367130.492716 0.9985222816467285 -0.048650722950696945 -0.02421281486749649 1.7490019798278809 0.048940014094114304 0.9987354874610901 0.011501919478178024 -0.05502951890230179 0.023622622713446617 -0.012669900432229042 0.9996405839920044 0.031014546751976013
1522367130.592716 0.9985544085502625 -0.04826294258236885 -0.023655487224459648 1.774377703666687 0.04852071404457092 0.9987675547599792 0.010446534492075443 -0.055395737290382385 0.0231221504509449 -0.011579213663935661 0.9996656179428101 0.03135896474123001
1522367130.692716 0.998551607131958 -0.048531658947467804 -0.023225292563438416 1.8002299070358276 0.04877765476703644 0.9987581372261047 0.010144717060029507 -0.05616515502333641 0.0227041058242321 -0.01126289926469326 0.999678909778595 0.030925840139389038
1522367130.7927158 0.9985818862915039 -0.04791918396949768 -0.02319440431892872 1.8254191875457764 0.04813351109623909 0.9988024234771729 0.008771771565079689 -0.05653630197048187 0.022746292874217033 -0.009875761345028877 0.9996924996376038 0.03168267756700516
1522367130.8927157 0.9986206293106079 -0.04689226672053337 -0.023621220141649246 1.8514083623886108 0.047102343291044235 0.9988546371459961 0.008416591212153435 -0.05697120353579521 0.023199493065476418 -0.009517598897218704 0.999685525894165 0.031650278717279434
1522367130.9927156 0.9986810088157654 -0.04559466242790222 -0.023609232157468796 1.8757725954055786 0.04583444446325302 0.9989017844200134 0.009716348722577095 -0.05765031278133392 0.02314028888940811 -0.01078564953058958 0.9996740221977234 0.0318891778588295
1522367131.0927155 0.998620331287384 -0.04673800617456436 -0.023937076330184937 1.9012517929077148 0.04697785526514053 0.9988503456115723 0.009557218290865421 -0.05732938274741173 0.023462869226932526 -0.010668545961380005 0.999667763710022 0.031110446900129318
1522367131.1927154 0.9985595345497131 -0.04775336757302284 -0.024464793503284454 1.925968050956726 0.04803827777504921 0.9987828135490417 0.011193101294338703 -0.057171810418367386 0.023900508880615234 -0.012352223508059978 0.999638020992279 0.031255993992090225
1522367131.2927153 0.998568058013916 -0.04712707921862602 -0.02531469240784645 1.9505116939544678 0.04745212569832802 0.9987967014312744 0.012396497651934624 -0.05802404135465622 0.024700017645955086 -0.01357998326420784 0.9996026158332825 0.032001644372940063
1522367131.3927152 0.9985362887382507 -0.047950875014066696 -0.02501680701971054 1.9739303588867188 0.04819665849208832 0.998794436454773 0.0093158520758152 -0.056944139301776886 0.024539945647120476 -0.010507944040000439 0.9996436238288879 0.03267728537321091
1522367131.4927151 0.9985072016716003 -0.04796946421265602 -0.02611781470477581 1.9980727434158325 0.04816398397088051 0.9988157749176025 0.006869841367006302 -0.05735572427511215 0.02575734257698059 -0.008117523044347763 0.9996352791786194 0.03363589569926262
1522367131.592715 0.9985170364379883 -0.04741670563817024 -0.026746273040771484 2.021320343017578 0.04751235246658325 0.9988663792610168 0.0029517593793570995 -0.05575684458017349 0.02657599374651909 -0.004218162503093481 0.9996378421783447 0.03383767604827881
1522367131.692715 0.9985495209693909 -0.047393910586833954 -0.02554386481642723 2.0435426235198975 0.047562506049871445 0.9988499283790588 0.006033112294971943 -0.05577898770570755 0.025228558108210564 -0.007239294238388538 0.9996556043624878 0.032126668840646744
1522367131.7927148 0.9985607862472534 -0.04693707078695297 -0.02594497799873352 2.066838026046753 0.04722820594906807 0.9988265037536621 0.010724465362727642 -0.05499261990189552 0.025411156937479973 -0.011934368871152401 0.9996058940887451 0.031235089525580406
1522367131.8927147 0.9985790252685547 -0.046485282480716705 -0.026057211682200432 2.0901741981506348 0.046756811439991 0.9988572001457214 0.009909380227327347 -0.05563618242740631 0.025566792115569115 -0.011113651096820831 0.9996113181114197 0.031035346910357475
1522367131.9927146 0.9985906481742859 -0.047379642724990845 -0.023911138996481895 2.111405611038208 0.04756469652056694 0.9988420009613037 0.007230518385767937 -0.057012468576431274 0.02354087121784687 -0.008357655256986618 0.999687910079956 0.0301174595952034
1522367132.0927145 0.9985460638999939 -0.04893855005502701 -0.022598227486014366 2.1332778930664062 0.04909718781709671 0.9987726807594299 0.0065188538283109665 -0.05805408954620361 0.022251470014452934 -0.0076188864186406136 0.9997233152389526 0.02862771786749363
1522367132.1927145 0.998532235622406 -0.04930657893419266 -0.02240811660885811 2.1557323932647705 0.049453552812337875 0.9987581372261047 0.006052639801055193 -0.057866740971803665 0.022081851959228516 -0.007151917554438114 0.9997305870056152 0.02693014405667782
1522367132.2927144 0.9985364675521851 -0.04957088828086853 -0.021624859422445297 2.1773183345794678 0.049708202481269836 0.9987466335296631 0.0058589475229382515 -0.05805237218737602 0.021307319402694702 -0.006925308145582676 0.999748945236206 0.024796754121780396
1522367132.3927143 0.9985572695732117 -0.04940294101834297 -0.021036935970187187 2.1998085975646973 0.049512285739183426 0.9987625479698181 0.004708760417997837 -0.058052774518728256 0.02077827788889408 -0.005743556655943394 0.9997674226760864 0.02199019119143486
1522367132.4927142 0.9985523819923401 -0.05021943151950836 -0.019260842353105545 2.2214815616607666 0.05038848891854286 0.9986944198608398 0.008394491858780384 -0.0586765818297863 0.01881413161754608 -0.009352865628898144 0.9997791051864624 0.017786968499422073
1522367132.592714 0.9985209107398987 -0.05148164927959442 -0.017474088817834854 2.243443012237549 0.05178658664226532 0.9985054135322571 0.017471138387918472 -0.059177521616220474 0.016548529267311096 -0.018350224941968918 0.9996945261955261 0.01342599093914032
1522367132.692714 0.9984558820724487 -0.05335640534758568 -0.015457081608474255 2.267124891281128 0.053670838475227356 0.9983441233634949 0.020696312189102173 -0.06081283092498779 0.014327206648886204 -0.021493947133421898 0.9996663331985474 0.01074240729212761
1522367132.7927139 0.9983628988265991 -0.05566396191716194 -0.013152506202459335 2.290903091430664 0.05591655150055885 0.9982413649559021 0.019687557592988014 -0.06290574371814728 0.012033484876155853 -0.020390769466757774 0.9997196793556213 0.009096411988139153
1522367132.8927138 0.9982778429985046 -0.05755337327718735 -0.011353334411978722 2.314857006072998 0.057728659361600876 0.9982078075408936 0.015767503529787064 -0.0636012852191925 0.010425511747598648 -0.01639575883746147 0.9998112320899963 0.00797540694475174
1522367132.9927137 0.9984759092330933 -0.05429883301258087 -0.009871830232441425 2.3399133682250977 0.05444575101137161 0.9983997941017151 0.015278787352144718 -0.06370988488197327 0.009026414714753628 -0.015792978927493095 0.9998345375061035 0.00585063174366951
1522367133.0927136 0.9986224174499512 -0.051680129021406174 -0.009079205803573132 2.3655471801757812 0.05182678997516632 0.9985159039497375 0.016739115118980408 -0.061950866132974625 0.00820065289735794 -0.017186598852276802 0.999818742275238 0.004241190850734711
1522367133.1927135 0.998644232749939 -0.051300082355737686 -0.008830303326249123 2.391037940979004 0.051494549959897995 0.9983987212181091 0.02341986820101738 -0.059394191950559616 0.007614722475409508 -0.02384283021092415 0.9996866583824158 0.0019334368407726288
1522367133.2927134 0.9986926317214966 -0.04994960501790047 -0.010862703435122967 2.417846918106079 0.05025521293282509 0.9982868432998657 0.0299632977694273 -0.055762212723493576 0.009347439743578434 -0.030470028519630432 0.9994919896125793 0.0005661137402057648
1522367133.3927133 0.9986189603805542 -0.050508514046669006 -0.014458066783845425 2.4439890384674072 0.05088123306632042 0.9983479976654053 0.026690270751714706 -0.053166598081588745 0.01308609638363123 -0.027389053255319595 0.9995391368865967 0.0023242905735969543
1522367133.4927132 0.998496949672699 -0.0518905334174633 -0.017641201615333557 2.470053195953369 0.05225302278995514 0.998418390750885 0.020748551934957504 -0.051351919770240784 0.016536643728613853 -0.02163916826248169 0.9996291995048523 0.0048527345061302185
1522367133.592713 0.9985561966896057 -0.04925373196601868 -0.021436907351017 2.4979963302612305 0.04966570809483528 0.9985827207565308 0.019129537045955658 -0.051043689250946045 0.020464323461055756 -0.02016659639775753 0.9995871782302856 0.008248314261436462
1522367133.692713 0.9986365437507629 -0.04615413025021553 -0.024394497275352478 2.5244667530059814 0.0466325543820858 0.9987233281135559 0.019420990720391273 -0.05014118179678917 0.023466994985938072 -0.020532090216875076 0.9995137453079224 0.012344837188720703
1522367133.792713 0.9986118674278259 -0.04521157220005989 -0.027027523145079613 2.5500547885894775 0.04574995115399361 0.9987598061561584 0.019644273445010185 -0.04972885921597481 0.026105856522917747 -0.02085351012647152 0.9994416832923889 0.017389502376317978
1522367133.8927128 0.9983921051025391 -0.04747913032770157 -0.03096807934343815 2.5769407749176025 0.04804864898324013 0.9986844658851624 0.01791267842054367 -0.04795965179800987 0.03007686138153076 -0.01937185414135456 0.9993599057197571 0.023983784019947052
1522367133.9927127 0.9982152581214905 -0.04975360631942749 -0.033027857542037964 2.6022250652313232 0.05026950687170029 0.9986234307289124 0.014977931044995785 -0.047098010778427124 0.03223718702793121 -0.016611497849225998 0.9993420839309692 0.03182283788919449
1522367134.0927126 0.9980625510215759 -0.05215352028608322 -0.03392806276679039 2.628225564956665 0.052529558539390564 0.9985663890838623 0.010287788696587086 -0.04683484137058258 0.0333428792655468 -0.0120500847697258 0.9993712306022644 0.040313784033060074
1522367134.1927125 0.9979498386383057 -0.054317642003297806 -0.033847931772470474 2.6538004875183105 0.054541926831007004 0.9984950423240662 0.005738270469009876 -0.04672645777463913 0.033485304564237595 -0.007572639733552933 0.9994104504585266 0.04846801236271858
1522367134.2927125 0.9979733228683472 -0.05396309494972229 -0.03372270613908768 2.6807520389556885 0.05413490906357765 0.9985247254371643 0.004202103242278099 -0.04711169749498367 0.03344620391726494 -0.006019162479788065 0.9994223117828369 0.056432321667671204
1522367134.3927124 0.9981380105018616 -0.05069038271903992 -0.03392402455210686 2.7076973915100098 0.05089104548096657 0.9986912608146667 0.005077342502772808 -0.04684600234031677 0.03362226113677025 -0.006794316694140434 0.999411404132843 0.06368693709373474
1522367134.4927123 0.9982780814170837 -0.04742288216948509 -0.03452320396900177 2.7351579666137695 0.04773040860891342 0.9988270998001099 0.008138502016663551 -0.04618882015347481 0.03409675508737564 -0.009772293269634247 0.9993706941604614 0.07040292024612427
1522367134.5927122 0.9984084367752075 -0.043713029474020004 -0.03563343733549118 2.763380765914917 0.044130172580480576 0.9989651441574097 0.011004729196429253 -0.04648570716381073 0.03511550650000572 -0.012559724040329456 0.9993043541908264 0.0780818909406662
1522367134.692712 0.9984964728355408 -0.04292605072259903 -0.034090928733348846 2.788320779800415 0.04327758401632309 0.999016523361206 0.009641248732805252 -0.04537379741668701 0.03364354372024536 -0.01110212504863739 0.9993722438812256 0.08562905341386795
1522367134.792712 0.9984372854232788 -0.04425571858882904 -0.03412439674139023 2.814664125442505 0.04443693161010742 0.9990017414093018 0.004569695796817541 -0.04299483075737953 0.03388809785246849 -0.0060789380222558975 0.999407172203064 0.09422106295824051
1522367134.8927119 0.9983922243118286 -0.04668891057372093 -0.03214159980416298 2.8388335704803467 0.04676947370171547 0.9989041686058044 0.0017588520422577858 -0.042129237204790115 0.03202425688505173 -0.003259270219132304 0.9994817972183228 0.10216342657804489
1522367134.9927118 0.9983307719230652 -0.0485222265124321 -0.03132377937436104 2.8631932735443115 0.048550695180892944 0.9988207817077637 0.00014847738202661276 -0.03977952152490616 0.03127963840961456 -0.0016690209740772843 0.9995092749595642 0.10987192392349243
1522367135.0927117 0.9983638525009155 -0.04824833944439888 -0.0306874867528677 2.8877456188201904 0.04824306070804596 0.9988352060317993 -0.0009128723759204149 -0.038125038146972656 0.030695784837007523 -0.0005690795369446278 0.9995285868644714 0.11772748827934265
1522367135.1927116 0.9984707832336426 -0.04700527340173721 -0.029095018282532692 2.911079168319702 0.046980712562799454 0.9988946318626404 -0.0015275812475010753 -0.03866565227508545 0.029134657233953476 0.00015834090299904346 0.9995755553245544 0.12453887611627579
1522367135.2927115 0.9989000558853149 -0.03851471468806267 -0.026745034381747246 2.933643102645874 0.03846610337495804 0.9992572069168091 -0.0023296005092561245 -0.038166824728250504 0.026814891025424004 0.0012982607586309314 0.9996395707130432 0.13007491827011108
1522367135.3927114 0.9992684125900269 -0.028772911056876183 -0.025196833536028862 2.955303192138672 0.028612757101655006 0.9995682835578918 -0.006693823263049126 -0.029964428395032883 0.025378553196787834 0.005967975128442049 0.999660074710846 0.13466642796993256
1522367135.4927113 0.9993086457252502 -0.027639972046017647 -0.02486313506960869 2.975374698638916 0.027341598644852638 0.9995508790016174 -0.012261533178389072 -0.008751406334340572 0.025190873071551323 0.011573259718716145 0.9996157288551331 0.13913139700889587
1522367135.5927112 0.9992586374282837 -0.0323602668941021 -0.020849913358688354 2.9902377128601074 0.03218658268451691 0.9994447827339172 -0.008612732402980328 0.010979988612234592 0.02111704833805561 0.007935257628560066 0.9997456669807434 0.13990576565265656
1522367135.692711 0.9992015361785889 -0.03486952185630798 -0.01949915662407875 3.005455732345581 0.03469117358326912 0.99935382604599 -0.009410894475877285 0.029693812131881714 0.019814711064100266 0.008726931177079678 0.9997656345367432 0.14118638634681702
1522367135.792711 0.9992583990097046 -0.03330262750387192 -0.019327573478221893 3.02022647857666 0.03310442343354225 0.9993968605995178 -0.010485909879207611 0.04487573355436325 0.019665125757455826 0.009838307276368141 0.9997581839561462 0.14143718779087067
1522367135.892711 0.9994925856590271 -0.02784007601439953 -0.015473539009690285 3.0318078994750977 0.027646174654364586 0.9995383024215698 -0.012606579810380936 0.05698799714446068 0.01581736095249653 0.012172399088740349 0.9998008012771606 0.13678690791130066
1522367135.9927108 0.9997231960296631 -0.019120601937174797 -0.013704977929592133 3.0422117710113525 0.018974365666508675 0.9997624754905701 -0.010722062550485134 0.0636124536395073 0.01390673778951168 0.010459051467478275 0.9998486042022705 0.13102832436561584
1522367136.0927107 0.9997909665107727 -0.01661560870707035 -0.011910994537174702 3.04897141456604 0.01656891591846943 0.9998547434806824 -0.004008014686405659 0.0677090585231781 0.011975858360528946 0.003809824585914612 0.9999210238456726 0.12277740240097046
1522367136.1927106 0.9997258186340332 -0.020241163671016693 -0.011766149662435055 3.0540060997009277 0.02028575725853443 0.9997875094413757 0.0036832839250564575 0.07111852616071701 0.011689092963933945 -0.003920957446098328 0.9999239444732666 0.1142973005771637
1522367136.2927105 0.9995959401130676 -0.02706623263657093 -0.008683590218424797 3.0544142723083496 0.02713402733206749 0.9996014833450317 0.007786931470036507 0.07244745641946793 0.008469369262456894 -0.00801940355449915 0.9999319314956665 0.10356911271810532
1522367136.3927104 0.9993111491203308 -0.036621127277612686 -0.006002204492688179 3.0543010234832764 0.036646660417318344 0.9993194937705994 0.004200994968414307 0.08585671335458755 0.005844274535775185 -0.0044180601835250854 0.9999731779098511 0.0920565128326416
1522367136.4927104 0.9991734027862549 -0.04043420031666756 -0.004187558777630329 3.0532724857330322 0.04044772684574127 0.999176561832428 0.0031978825572878122 0.10784032195806503 0.004054807126522064 -0.0033646158408373594 0.9999860525131226 0.08030447363853455
1522367136.5927103 0.9991939663887024 -0.03988531976938248 -0.004535887856036425 3.052772045135498 0.03992672637104988 0.9991580247879028 0.009437847882509232 0.13163955509662628 0.004155637230724096 -0.009611343033611774 0.9999451637268066 0.0679699182510376
1522367136.6927102 0.9992635846138 -0.037967748939991 -0.005546926520764828 3.0516469478607178 0.038050681352615356 0.999152421951294 0.015700887888669968 0.15156669914722443 0.004946099128574133 -0.015900390222668648 0.9998613595962524 0.057339780032634735
1522367136.79271 0.9991898536682129 -0.03944190591573715 -0.007990379817783833 3.0509660243988037 0.039573315531015396 0.9990717768669128 0.017016950994729996 0.16596317291259766 0.007311781868338585 -0.017319370061159134 0.9998232126235962 0.04686852917075157
1522367136.89271 0.999001145362854 -0.04371081292629242 -0.009271823801100254 3.0498478412628174 0.04385286569595337 0.998914361000061 0.01571553573012352 0.1789959967136383 0.008574817329645157 -0.016106434166431427 0.9998336434364319 0.034910984337329865
1522367136.9927099 0.998887300491333 -0.046066153794527054 -0.01010395772755146 3.0487024784088135 0.04626386985182762 0.9987229704856873 0.020295266062021255 0.18946190178394318 0.009156128391623497 -0.02074013277888298 0.9997430443763733 0.022553835064172745
1522367137.0927098 0.998662531375885 -0.05031292513012886 -0.011902883648872375 3.0492703914642334 0.05061325803399086 0.9983681440353394 0.02644319459795952 0.19992923736572266 0.01055302657186985 -0.027010273188352585 0.9995794892311096 0.011145932599902153
1522367137.1927097 0.9986053109169006 -0.051660794764757156 -0.010893242433667183 3.050365686416626 0.05193549022078514 0.9982947111129761 0.026655256748199463 0.20864680409431458 0.009497635066509247 -0.027183830738067627 0.9995853304862976 -0.0004904009401798248
1522367137.2927096 0.9987010955810547 -0.05025458335876465 -0.00840582326054573 3.0535166263580322 0.05044299736618996 0.9984397888183594 0.02394770085811615 0.21717478334903717 0.0071892268024384975 -0.024340609088540077 0.9996778964996338 -0.011574042961001396
1522367137.3927095 0.9986538887023926 -0.05141816660761833 -0.006839076988399029 3.058173894882202 0.05160510912537575 0.9981938600540161 0.03075563535094261 0.23025451600551605 0.0052453260868787766 -0.03106715902686119 0.9995036125183105 -0.024082139134407043
1522367137.4927094 0.9986196756362915 -0.05244353041052818 -0.002871262840926647 3.0595386028289795 0.052516501396894455 0.9978164434432983 0.04005306959152222 0.25606289505958557 0.0007644686847925186 -0.040148574858903885 0.9991934299468994 -0.03502531349658966
1522367137.5927093 0.9986412525177002 -0.052008915692567825 -0.0032789427787065506 3.0657103061676025 0.05209362134337425 0.9979866743087769 0.036177318543195724 0.28769201040267944 0.0013907977845519781 -0.036298975348472595 0.9993399977684021 -0.041847988963127136
1522367137.6927092 0.9987930655479431 -0.04907793179154396 -0.0019158294890075922 3.0712122917175293 0.04911300912499428 0.9983640313148499 0.02927498146891594 0.31352806091308594 0.0004759394796565175 -0.029333744198083878 0.9995695948600769 -0.04819942265748978
1522367137.792709 0.9989465475082397 -0.045772816985845566 -0.0032662376761436462 3.0786068439483643 0.04583858326077461 0.998656153678894 0.024179698899388313 0.33448711037635803 0.0021550755482167006 -0.024303944781422615 0.9997023344039917 -0.05361020192503929
1522367137.892709 0.9991568326950073 -0.04057412967085838 -0.006266985088586807 3.0853962898254395 0.040713682770729065 0.9988818764686584 0.024030517786741257 0.3501709997653961 0.005284960847347975 -0.024265408515930176 0.9996916055679321 -0.05975649505853653
1522367137.992709 0.999301016330719 -0.03608166053891182 -0.009775644168257713 3.0916950702667236 0.03634810447692871 0.9989297389984131 0.028607243672013283 0.36304134130477905 0.008732983842492104 -0.028942573815584183 0.9995429515838623 -0.06645561754703522
