1522280884.8568263 0.999998152256012 -0.0011945966398343444 0.0015208007534965873 -0.025899261236190796 0.0011966242454946041 0.9999983906745911 -0.001333043910562992 0.003032421227544546 -0.0015192063292488456 0.0013348612701520324 0.9999979734420776 0.0006900751031935215
1522280884.9568262 0.9999964833259583 -0.0003593822766561061 0.0026383691001683474 -0.05072733387351036 0.00037352240178734064 0.9999855756759644 -0.005360911134630442 0.004457326140254736 -0.002636404475197196 0.0053618778474628925 0.9999821782112122 0.0032164184376597404
1522280885.056826 0.9999871253967285 0.003285752609372139 0.003904873738065362 -0.07848896831274033 -0.0032488375436514616 0.9999502897262573 -0.00942231249064207 0.0027522919699549675 -0.003935647197067738 0.00940950307995081 0.9999479055404663 0.007333219517022371
1522280885.156826 0.9999407529830933 0.01074247993528843 0.0017440373776480556 -0.09720008075237274 -0.01072220504283905 0.9998792409896851 -0.011247062124311924 0.0029276744462549686 -0.0018646519165486097 0.01122769620269537 0.9999351501464844 0.010409768670797348
1522280885.256826 0.9998818039894104 0.015367377549409866 0.00035901370574720204 -0.12015803158283234 -0.015363099984824657 0.9998335242271423 -0.009842007420957088 0.002301310421898961 -0.0005101998103782535 0.009835329838097095 0.9999514222145081 0.015582311898469925
1522280885.3568258 0.9998509287834167 0.017189623787999153 -0.0016284591984003782 -0.14321395754814148 -0.01720619760453701 0.9997938275337219 -0.010779174044728279 0.001881253207102418 0.0014428326394408941 0.010805588215589523 0.9999405741691589 0.021425573155283928
1522280885.4568257 0.999807596206665 0.019282393157482147 -0.0036388039588928223 -0.16675636172294617 -0.019326644018292427 0.9997344613075256 -0.012545222416520119 0.0014812054578214884 0.0033959359861910343 0.01261313445866108 0.9999147057533264 0.027790909633040428
1522280885.5568256 0.9998056292533875 0.019017767161130905 -0.005194514058530331 -0.19129030406475067 -0.019082874059677124 0.9997361302375793 -0.012786108069121838 0.0010351779637858272 0.00494998088106513 0.012882751412689686 0.9999047517776489 0.034893326461315155
1522280885.6568255 0.999865710735321 0.014574442058801651 -0.007482190150767565 -0.21600960195064545 -0.014676490798592567 0.9997974038124084 -0.013770143501460552 0.001151748700067401 0.007279982790350914 0.013878109864890575 0.9998771548271179 0.04297536984086037
1522280885.7568254 0.9999219179153442 0.006154142320156097 -0.01087433286011219 -0.24157048761844635 -0.006339334417134523 0.9998340606689453 -0.017078500241041183 0.0021625796798616648 0.010767425410449505 0.01714610494673252 0.9997949600219727 0.052294425666332245
1522280885.8568254 0.999900221824646 -0.00019359710859134793 -0.014116285368800163 -0.2661284804344177 -0.0001369602105114609 0.9997259378433228 -0.023412082344293594 0.003643517615273595 0.01411694660782814 0.02341168187558651 0.9996262192726135 0.06339255720376968
1522280885.9568253 0.9998513460159302 -0.0032749467063695192 -0.016927119344472885 -0.2879064381122589 0.0026572528295218945 0.9993343949317932 -0.0363859161734581 0.017452623695135117 0.017035014927387238 0.0363355353474617 0.9991943836212158 0.07239138334989548
1522280886.0568252 0.999793291091919 -0.003685640636831522 -0.019990334287285805 -0.3087162375450134 0.0028124304953962564 0.9990479946136475 -0.04353516176342964 0.04293129965662956 0.020131757482886314 0.04346994683146477 0.9988518357276917 0.08139283210039139
1522280886.156825 0.9996263384819031 -0.007474835496395826 -0.026296406984329224 -0.3260752558708191 0.0063532814383506775 0.9990772008895874 -0.04247845336794853 0.06736165285110474 0.026589659973978996 0.04229551926255226 0.9987512230873108 0.08847266435623169
1522280886.256825 0.999350368976593 -0.010723148472607136 -0.034406039863824844 -0.3420035243034363 0.009349614381790161 0.9991623759269714 -0.039836861193180084 0.08943040668964386 0.03480440005660057 0.03948930278420448 0.9986135959625244 0.09257501363754272
1522280886.3568249 0.9990894794464111 -0.00922623835504055 -0.04165460914373398 -0.3554297685623169 0.007669213227927685 0.9992713928222656 -0.0373857244849205 0.1096864715218544 0.041969191282987595 0.03703222796320915 0.9984323382377625 0.09470540285110474
1522280886.4568248 0.9988452196121216 -0.0053413985297083855 -0.0477445088326931 -0.36569908261299133 0.003912703134119511 0.9995432496070862 -0.02996729128062725 0.12558448314666748 0.04788277670741081 0.029745876789093018 0.9984098672866821 0.09385326504707336
1522280886.5568247 0.9985207915306091 -0.0016820246819406748 -0.05434520170092583 -0.37487876415252686 0.00034980865893885493 0.9996994733810425 -0.024514157325029373 0.1398385912179947 0.054370105266571045 0.024458887055516243 0.998221218585968 0.09150741994380951
1522280886.6568246 0.9981357455253601 -0.003224210115149617 -0.06094780191779137 -0.3823006749153137 0.0022314665839076042 0.999863862991333 -0.01634947396814823 0.1492873579263687 0.06099221855401993 0.01618299074470997 0.99800705909729 0.08837251365184784
1522280886.7568245 0.9976643323898315 -0.005518101155757904 -0.06808384507894516 -0.3880510926246643 0.004937248304486275 0.9999500513076782 -0.008696747943758965 0.15952681005001068 0.06812842935323715 0.008340288884937763 0.9976416826248169 0.08462097495794296
1522280886.8568244 0.9972192049026489 -0.007230723742395639 -0.07417169213294983 -0.390657901763916 0.007267705164849758 0.9999736547470093 0.00022869938402436674 0.16566862165927887 0.07416807115077972 -0.0007671229541301727 0.9972454905509949 0.08354837447404861
1522280886.9568243 0.9970382452011108 -0.007955915294587612 -0.07649501413106918 -0.3924735188484192 0.0070294165052473545 0.9998987913131714 -0.012373534962534904 0.17620481550693512 0.07658570259809494 0.011799169704318047 0.9969933032989502 0.08336134254932404
1522280887.0568242 0.9970859885215759 -0.007947691716253757 -0.07587098330259323 -0.3921971321105957 0.005630028899759054 0.9995124340057373 -0.03071259707212448 0.19859357178211212 0.07607806473970413 0.030195942148566246 0.9966445565223694 0.08146623522043228
1522280887.156824 0.9971982836723328 -0.003015904687345028 -0.07474229484796524 -0.38956668972969055 0.00038166571175679564 0.9993789792060852 -0.035233527421951294 0.22628697752952576 0.07480216026306152 0.035106293857097626 0.996580183506012 0.07809272408485413
1522280887.256824 0.9972342848777771 0.0018764757551252842 -0.07429852336645126 -0.38466089963912964 -0.003982252441346645 0.9995942115783691 -0.02820412442088127 0.25277605652809143 0.07421544939279556 0.028421994298696518 0.9968370795249939 0.0736946389079094
1522280887.356824 0.9973253607749939 0.004977521486580372 -0.07292024791240692 -0.379255086183548 -0.006268304772675037 0.99982750415802 -0.017483161762356758 0.2744234800338745 0.07282066345214844 0.017893481999635696 0.9971845149993896 0.06833532452583313
1522280887.4568238 0.9975242614746094 0.006141840945929289 -0.07005491852760315 -0.37277403473854065 -0.007151454221457243 0.9998740553855896 -0.014170041307806969 0.29109928011894226 0.06995907425880432 0.01463595312088728 0.9974424242973328 0.0640658512711525
1522280887.5568237 0.9978219270706177 0.005637773312628269 -0.06572391837835312 -0.36571216583251953 -0.006892652716487646 0.9997979402542114 -0.01888210140168667 0.3037465214729309 0.06560417264699936 0.01929398812353611 0.9976592063903809 0.05983308330178261
1522280887.6568236 0.998197078704834 0.0069634621031582355 -0.05961717665195465 -0.3578423857688904 -0.008270482532680035 0.9997301697731018 -0.021704941987991333 0.3139802813529968 0.05944995954632759 0.022158874198794365 0.9979853630065918 0.05467454716563225
1522280887.7568235 0.9986204504966736 0.010003883391618729 -0.05154749006032944 -0.3491770029067993 -0.011140706017613411 0.9996999502182007 -0.021813951432704926 0.32071682810783386 0.05131379887461662 0.022358134388923645 0.9984323382377625 0.04823945462703705
1522280887.8568234 0.9990277290344238 0.011355835013091564 -0.042596086859703064 -0.34117093682289124 -0.012190411798655987 0.9997377991676331 -0.019384464249014854 0.3254835605621338 0.042364783585071564 0.019884886220097542 0.9989043474197388 0.04072128236293793
1522280887.9568233 0.9992878437042236 0.007785349152982235 -0.036920107901096344 -0.3332594931125641 -0.00865892879664898 0.9996848702430725 -0.023560767993330956 0.34172090888023376 0.03672505170106888 0.023863675072789192 0.999040424823761 0.033796995878219604
1522280888.0568233 0.9993996024131775 0.004036370199173689 -0.034407660365104675 -0.32596251368522644 -0.004946945700794458 0.9996386170387268 -0.026420442387461662 0.3686119616031647 0.03428858518600464 0.026574794203042984 0.9990586042404175 0.027168065309524536
1522280888.1568232 0.9994639754295349 0.005024230573326349 -0.0323483869433403 -0.3178670406341553 -0.005858480464667082 0.9996512532234192 -0.02574661560356617 0.3977787494659424 0.032207757234573364 0.02592233009636402 0.999144971370697 0.020570531487464905
1522280888.256823 0.9994942545890808 0.008386177942156792 -0.03067365102469921 -0.30898216366767883 -0.009011135436594486 0.999753475189209 -0.02029317244887352 0.4249899387359619 0.030495906248688698 0.020559318363666534 0.9993234276771545 0.013208994641900063
1522280888.356823 0.9994874000549316 0.015049760229885578 -0.028258362784981728 -0.2997414171695709 -0.015482419170439243 0.9997652173042297 -0.015154952183365822 0.4466971158981323 0.028023656457662582 0.015584694221615791 0.9994857311248779 0.006190359126776457
1522280888.4568229 0.999394416809082 0.023083949461579323 -0.02603406459093094 -0.2914068102836609 -0.023443209007382393 0.9996329545974731 -0.013579766266047955 0.46384763717651367 0.02571103349328041 0.014181865379214287 0.9995688199996948 -0.0005203874898143113
1522280888.5568228 0.9992987513542175 0.02772453799843788 -0.025163231417536736 -0.2848562002182007 -0.02809912897646427 0.9994975924491882 -0.01465691439807415 0.47750577330589294 0.02474423311650753 0.015353701077401638 0.9995759129524231 -0.007646443787962198
1522280888.6568227 0.9993216395378113 0.025830663740634918 -0.02624795213341713 -0.2801269590854645 -0.02618349716067314 0.9995700716972351 -0.013188725337386131 0.4893862009048462 0.025895996019244194 0.01386704295873642 0.9995684623718262 -0.014170356094837189
1522280888.7568226 0.9993574619293213 0.023912014439702034 -0.026699792593717575 -0.276965469121933 -0.024306105449795723 0.9995988607406616 -0.014534299261868 0.5009710788726807 0.026341542601585388 0.015173929743468761 0.9995377659797668 -0.019040459766983986
1522280888.8568225 0.9993939399719238 0.023725276812911034 -0.02546965703368187 -0.2746887505054474 -0.02421467937529087 0.9995247721672058 -0.019081804901361465 0.5100777745246887 0.025004824623465538 0.0196869857609272 0.999493420124054 -0.024522071704268456
1522280888.9568224 0.9994328618049622 0.02452351525425911 -0.023072879761457443 -0.27405548095703125 -0.02501339465379715 0.9994624853134155 -0.021188171580433846 0.5177464485168457 0.0225408673286438 0.02175329066812992 0.9995092153549194 -0.031599827110767365
1522280889.0568223 0.9994953274726868 0.022475983947515488 -0.0224495567381382 -0.27464160323143005 -0.022816943004727364 0.9996263384819031 -0.015048721805214882 0.5240851640701294 0.02210293896496296 0.01555335707962513 0.9996348023414612 -0.038345545530319214
1522280889.1568222 0.9995688796043396 0.01927942968904972 -0.02214231714606285 -0.27619534730911255 -0.019506406038999557 0.9997588992118835 -0.010081088170409203 0.5291339755058289 0.0219426192343235 0.010508660227060318 0.9997040033340454 -0.04415510222315788
1522280889.256822 0.9996293187141418 0.015231035649776459 -0.022567735984921455 -0.2786567509174347 -0.015518455766141415 0.9998000264167786 -0.012616069987416267 0.5316973924636841 0.022371063008904457 0.012961612083017826 0.9996657371520996 -0.048384301364421844
1522280889.356822 0.9996587038040161 0.010859420523047447 -0.023761220276355743 -0.28188779950141907 -0.011230849660933018 0.9998159408569336 -0.015554401092231274 0.5341038703918457 0.02358793467283249 0.01581595093011856 0.9995967149734497 -0.052825361490249634
1522280889.456822 0.9996692538261414 0.005912555381655693 -0.025026511400938034 -0.2840133011341095 -0.006090250797569752 0.9999566674232483 -0.007029825821518898 0.5378989577293396 0.024983862414956093 0.007179918698966503 0.9996621012687683 -0.05635318532586098
1522280889.5568218 0.9996417760848999 0.006186333019286394 -0.02603929676115513 -0.28693801164627075 -0.006031034514307976 0.9999637007713318 0.006038330961018801 0.5398127436637878 0.0260757002979517 -0.005879124626517296 0.9996426701545715 -0.05820588767528534
1522280889.6568217 0.999569833278656 0.01076335646212101 -0.02728383056819439 -0.28917837142944336 -0.010501213371753693 0.9998974800109863 0.009733203798532486 0.5391272306442261 0.02738579735159874 -0.00944250077009201 0.9995803236961365 -0.05678649619221687
1522280889.7568216 0.9995289444923401 0.013723720796406269 -0.027447862550616264 -0.2924537658691406 -0.013698981143534184 0.9999054670333862 0.0010892217978835106 0.5374400615692139 0.027460217475891113 -0.0007127001881599426 0.999622642993927 -0.053439103066921234
1522280889.8568215 0.999565601348877 0.012951322831213474 -0.02647159993648529 -0.29601046442985535 -0.013219892047345638 0.9998626112937927 -0.009995849803090096 0.5350192189216614 0.026338504627346992 0.01034146174788475 0.9995995759963989 -0.04978661611676216
1522280889.9568214 0.9996479153633118 0.009777757339179516 -0.024663252755999565 -0.29988372325897217 -0.010234737768769264 0.9997770190238953 -0.018471043556928635 0.5352903008460999 0.024477146565914154 0.0187169648706913 0.9995251893997192 -0.046710990369319916
1522280890.0568213 0.9997113347053528 0.006685346364974976 -0.023078447207808495 -0.3040081560611725 -0.007129477337002754 0.9997898936271667 -0.019216058775782585 0.5354835391044617 0.022945132106542587 0.019375048577785492 0.9995488524436951 -0.045266084372997284
1522280890.1568213 0.9997442960739136 0.006078548263758421 -0.02178018167614937 -0.307319700717926 -0.0064251841977238655 0.9998531937599182 -0.015880748629570007 0.5363792181015015 0.021680451929569244 0.016016630455851555 0.9996365904808044 -0.045091692358255386
1522280890.2568212 0.9997761249542236 0.005526742897927761 -0.02042522095143795 -0.3112472593784332 -0.005743755958974361 0.9999274611473083 -0.010581398382782936 0.5360262989997864 0.020365260541439056 0.010696342214941978 0.9997353553771973 -0.04509851336479187
1522280890.356821 0.9997678399085999 0.005164464935660362 -0.02091512642800808 -0.31537070870399475 -0.005355159752070904 0.9999444484710693 -0.009071800857782364 0.5352777242660522 0.020867113023996353 0.009181700646877289 0.9997401237487793 -0.04435836896300316
1522280890.456821 0.999718189239502 0.0037477416917681694 -0.02343892678618431 -0.3194267749786377 -0.004032500088214874 0.9999185800552368 -0.012113595381379128 0.5343632102012634 0.023391615599393845 0.012204702943563461 0.9996519088745117 -0.0425727553665638
1522280890.5568209 0.9996622204780579 0.0011950505431741476 -0.025962119922041893 -0.32372862100601196 -0.0016033313004299998 0.9998752474784851 -0.015710921958088875 0.5347649455070496 0.02594010718166828 0.01574724167585373 0.9995395541191101 -0.041605472564697266
1522280890.6568208 0.9995824098587036 -0.0006213700398802757 -0.02889169380068779 -0.32748135924339294 0.00019663726561702788 0.9998918771743774 -0.01470138505101204 0.5360831022262573 0.028897706419229507 0.014689565636217594 0.9994744658470154 -0.04085869714617729
1522280890.7568207 0.9995309114456177 7.629633182659745e-05 -0.030625877901911736 -0.3304344713687897 -0.0005951992352493107 0.9998563528060913 -0.01693452149629593 0.5374181270599365 0.030620187520980835 0.016944807022809982 0.9993874430656433 -0.039981551468372345
1522280890.8568206 0.9994722604751587 -0.00576807651668787 -0.031964775174856186 -0.33238571882247925 0.005145458038896322 0.9997960925102234 -0.019526407122612 0.5386649370193481 0.032070886343717575 0.01935163326561451 0.9992982149124146 -0.04101862385869026
1522280890.9568205 0.9987953305244446 -0.036645375192165375 -0.032631948590278625 -0.3336910307407379 0.03614756464958191 0.9992228150367737 -0.015716884285211563 0.5421553254127502 0.033182542771101 0.014518387615680695 0.9993438124656677 -0.044016316533088684
1522280891.0568204 0.9977239966392517 -0.0585208423435688 -0.03349843621253967 -0.3288719058036804 0.05822773650288582 0.9982565641403198 -0.009660249575972557 0.5440954566001892 0.034005362540483475 0.007687725126743317 0.999392032623291 -0.04591037705540657
1522280891.1568203 0.9979009032249451 -0.05586288869380951 -0.03275777027010918 -0.31761032342910767 0.05560516193509102 0.9984146356582642 -0.008727267384529114 0.5465574264526367 0.03319337218999863 0.006887447088956833 0.9994251728057861 -0.04907258227467537
1522280891.2568202 0.9987031817436218 -0.041332975029945374 -0.029724083840847015 -0.30066174268722534 0.04112468287348747 0.9991252422332764 -0.007585648447275162 0.5463199615478516 0.030011620372533798 0.006353419274091721 0.9995293021202087 -0.05206962674856186
1522280891.35682 0.9992579817771912 -0.028738107532262802 -0.02564532682299614 -0.27931204438209534 0.028594257310032845 0.9995733499526978 -0.005958481691777706 0.5447719097137451 0.025805624201893806 0.005220750812441111 0.9996532201766968 -0.05477835237979889
1522280891.45682 0.9996008276939392 -0.018740659579634666 -0.021139681339263916 -0.2551102936267853 0.018554624170064926 0.9997876286506653 -0.008962470106780529 0.5430265665054321 0.02130315825343132 0.008566657081246376 0.9997363090515137 -0.05640444904565811
1522280891.55682 0.9996933937072754 -0.0170135535299778 -0.017988095059990883 -0.22906821966171265 0.016759619116783142 0.9997590184211731 -0.014174573123455048 0.5411674380302429 0.018224919214844704 0.013868751935660839 0.9997377395629883 -0.05804415047168732
1522280891.6568198 0.9997179508209229 -0.017585815861821175 -0.015959545969963074 -0.202168807387352 0.017318587750196457 0.9997100830078125 -0.016730736941099167 0.5417370200157166 0.016249138861894608 0.016449622809886932 0.9997326731681824 -0.059932101517915726
1522280891.7568197 0.9997507333755493 -0.016854388639330864 -0.014641549438238144 -0.17469871044158936 0.016645820811390877 0.9997598528862 -0.014251899905502796 0.5445055365562439 0.014878240413963795 0.014004628174006939 0.9997912645339966 -0.06351413577795029
1522280891.8568196 0.9997740983963013 -0.015735549852252007 -0.014287504367530346 -0.14449037611484528 0.015616330318152905 0.999842643737793 -0.008417963981628418 0.5457309484481812 0.01441771537065506 0.008192943409085274 0.9998626112937927 -0.06518373638391495
1522280891.9568195 0.9997827410697937 -0.015425194054841995 -0.014015653170645237 -0.11395645886659622 0.015357669442892075 0.9998699426651001 -0.004912864416837692 0.5453907251358032 0.0140896150842309 0.0046965498477220535 0.9998897314071655 -0.06599529832601547
1522280892.0568194 0.9997686743736267 -0.016562439501285553 -0.013729480095207691 -0.08125459402799606 0.016505971550941467 0.9998548626899719 -0.004216184373944998 0.5430433750152588 0.013797318562865257 0.003988590091466904 0.9998968243598938 -0.06733009964227676
1522280892.1568193 0.9997175931930542 -0.019282760098576546 -0.013892384245991707 -0.04754722863435745 0.019179001450538635 0.999787449836731 -0.007563496939837933 0.5408052206039429 0.01403527706861496 0.007294918410480022 0.9998748898506165 -0.06636137515306473
1522280892.2568192 0.9997029304504395 -0.02101617492735386 -0.012336649931967258 -0.012901919893920422 0.020891254767775536 0.9997300505638123 -0.010168843902647495 0.5390387177467346 0.012547031976282597 0.009908096864819527 0.9998721480369568 -0.06581978499889374
1522280892.3568192 0.9997811913490295 -0.017539655789732933 -0.01139521598815918 0.024549053981900215 0.017431635409593582 0.999802827835083 -0.009510600008070469 0.5370644927024841 0.011559782549738884 0.009309882298111916 0.9998897910118103 -0.06442795693874359
1522280892.456819 0.9999052882194519 -0.009511943906545639 -0.009934919886291027 0.06326065212488174 0.00945992674678564 0.999941349029541 -0.005269704852253199 0.5352716445922852 0.009984460659325123 0.005175223108381033 0.9999367594718933 -0.06327690929174423
1522280892.556819 0.9999598860740662 -0.002536511979997158 -0.008591757155954838 0.10317543148994446 0.0025066875386983156 0.9999908208847046 -0.003480271203443408 0.5319579839706421 0.008600506000220776 0.00345859513618052 0.9999570250511169 -0.061439499258995056
1522280892.6568189 0.9999616742134094 -0.0019516280153766274 -0.008526843972504139 0.14381180703639984 0.001888631726615131 0.9999709725379944 -0.007389767095446587 0.5291290283203125 0.008541017770767212 0.007373380940407515 0.9999363422393799 -0.058177344501018524
1522280892.7568188 0.9999437928199768 -0.006117112468928099 -0.008659936487674713 0.18381455540657043 0.006032928824424744 0.9999346733093262 -0.00971396453678608 0.5267705917358398 0.008718791417777538 0.009661173447966576 0.9999153017997742 -0.05416401848196983
1522280892.8568187 0.9999069571495056 -0.010369769297540188 -0.008860758505761623 0.22258859872817993 0.010260380804538727 0.9998716711997986 -0.012302911840379238 0.5266382694244385 0.008987199515104294 0.012210853397846222 0.9998850226402283 -0.049599841237068176
1522280892.9568186 0.9998811483383179 -0.0118707325309515 -0.009829442948102951 0.2633426785469055 0.011717711575329304 0.9998114109039307 -0.015481469221413136 0.5242255330085754 0.010011366568505764 0.015364453196525574 0.9998318552970886 -0.04476228356361389
1522280893.0568185 0.9998772740364075 -0.008668440394103527 -0.01304299384355545 0.3085795044898987 0.008443159982562065 0.9998159408569336 -0.01722908392548561 0.5233569145202637 0.013189945369958878 0.0171168465167284 0.99976646900177 -0.039374399930238724
1522280893.1568184 0.9999274015426636 -0.003971994388848543 -0.011368491686880589 0.3506981134414673 0.003818237455561757 0.9999014139175415 -0.013514547608792782 0.5191487073898315 0.011421050876379013 0.013470158912241459 0.999843955039978 -0.03472411260008812
1522280893.2568183 0.999941349029541 -8.378137135878205e-05 -0.010823837481439114 0.3954365849494934 -6.751574255758896e-05 0.9999023079872131 -0.013977032154798508 0.5160061120986938 0.010823950171470642 0.013976942747831345 0.9998437166213989 -0.028985947370529175
1522280893.3568182 0.999954104423523 -0.0021114430855959654 -0.009342195466160774 0.43813642859458923 0.0019627700094133615 0.9998717308044434 -0.015894724056124687 0.5134068727493286 0.009374557994306087 0.01587565802037716 0.9998300075531006 -0.023254841566085815
1522280893.456818 0.9999676942825317 -0.0013092102017253637 -0.007932779379189014 0.48109814524650574 0.001176974968984723 0.9998606443405151 -0.016651248559355736 0.5115310549736023 0.00795347522944212 0.016641370952129364 0.9998297691345215 -0.01639915257692337
1522280893.556818 0.9999696612358093 0.0028713794890791178 -0.007239713799208403 0.5240049958229065 -0.00299094314686954 0.9998584389686584 -0.016558656468987465 0.5060105919837952 0.007191142532974482 0.01657980866730213 0.9998366832733154 -0.008324708789587021
1522280893.656818 0.9999268054962158 0.010221500881016254 -0.0064744483679533005 0.5662120580673218 -0.010369591414928436 0.999675452709198 -0.02326822839677334 0.5002286434173584 0.0062345112673938274 0.023333657532930374 0.9997082948684692 -0.0014104200527071953
1522280893.7568178 0.9999157190322876 0.01246672309935093 -0.0036312341690063477 0.6048341393470764 -0.012576740235090256 0.9994074106216431 -0.03203963860869408 0.4973236620426178 0.0032296532299369574 0.03208260238170624 0.9994800090789795 0.004210543818771839
1522280893.8568177 0.9999614953994751 0.008775592781603336 8.282391354441643e-05 0.6415771245956421 -0.008767250925302505 0.9993429183959961 -0.035167448222637177 0.49760711193084717 -0.0003913841210305691 0.035165365785360336 0.9993813633918762 0.0077157458290457726
1522280893.9568176 0.9999868869781494 0.004869889002293348 0.0015858542174100876 0.6788576245307922 -0.004818017594516277 0.9995010495185852 -0.031216111034154892 0.4976147413253784 -0.001737080980092287 0.031208062544465065 0.9995113611221313 0.009366807527840137
1522280894.0568175 0.999994695186615 0.0012545937206596136 0.002985873958095908 0.7155629396438599 -0.0011781411012634635 0.9996748566627502 -0.02547023817896843 0.4950070381164551 -0.003016857663169503 0.02546658366918564 0.9996711015701294 0.008266019634902477
1522280894.1568174 0.9999856352806091 -0.0017100815894082189 0.005071983672678471 0.7494059205055237 0.001825888641178608 0.9997357130050659 -0.022916575893759727 0.49229490756988525 -0.00503145344555378 0.02292550355195999 0.9997245073318481 0.006991831120103598
1522280894.2568173 0.9999682307243347 -0.0034812460653483868 0.007174516562372446 0.7826622128486633 0.0036231328267604113 0.9997962117195129 -0.01985936239361763 0.48996126651763916 -0.007103919051587582 0.019884726032614708 0.9997770190238953 0.004737133625894785
1522280894.3568172 0.9999508857727051 -0.004179445095360279 0.008990542031824589 0.8155356645584106 0.00433301692828536 0.999843955039978 -0.017130423337221146 0.4871770143508911 -0.008917542174458504 0.017168540507555008 0.9998128414154053 0.001973999198526144
1522280894.4568172 0.9999427795410156 0.003154159989207983 0.010227920487523079 0.8485664129257202 -0.002986933570355177 0.9998623132705688 -0.01632431149482727 0.4842256009578705 -0.010278003290295601 0.01629282720386982 0.9998143911361694 -0.0011535314843058586
1522280894.556817 0.9998276829719543 0.015237443149089813 0.010599793866276741 0.879588782787323 -0.015036925673484802 0.999711275100708 -0.01874629221856594 0.4823566675186157 -0.010882378555834293 0.018583673983812332 0.999768078327179 -0.004933376796543598
1522280894.656817 0.9996829628944397 0.022177385166287422 0.01191714033484459 0.9068070650100708 -0.021983738988637924 0.9996280074119568 -0.01614248752593994 0.4828531742095947 -0.012270704843103886 0.015875382348895073 0.9997986555099487 -0.009564751759171486
1522280894.7568169 0.9997071623802185 0.02208741381764412 0.009883010759949684 0.9325535893440247 -0.02199767716228962 0.9997166991233826 -0.009098425507545471 0.48072096705436707 -0.010081171989440918 0.008878353983163834 0.9999096989631653 -0.013238513842225075
1522280894.8568168 0.9997883439064026 0.01852400414645672 0.00895022228360176 0.9537312388420105 -0.01845354214310646 0.999798595905304 -0.007892392575740814 0.4790021479129791 -0.009094618260860443 0.007725557778030634 0.9999287128448486 -0.01654921844601631
1522280894.9568167 0.9999560713768005 -0.006426537409424782 0.006821582093834877 0.9730319380760193 0.00649237958714366 0.9999321103096008 -0.009674173779785633 0.4793682098388672 -0.006758948788046837 0.009718037210404873 0.9999299645423889 -0.018736569210886955
1522280895.0568166 0.9996355772018433 -0.026778198778629303 0.0033770345617085695 0.9948064088821411 0.026822013780474663 0.9995467066764832 -0.013674353249371052 0.4826705753803253 -0.0030093288514763117 0.013759952038526535 0.9999008178710938 -0.019944360479712486
1522280895.1568165 0.999584436416626 -0.028778281062841415 0.0016665816074237227 1.0172779560089111 0.028794962912797928 0.9995242357254028 -0.011049616150557995 0.48076143860816956 -0.0013477999018505216 0.011093011125922203 0.9999375343322754 -0.022004930302500725
1522280895.2568164 0.999793529510498 -0.0203078780323267 -0.0006106666987761855 1.0430721044540405 0.020298892632126808 0.9997190237045288 -0.01223436463624239 0.4780750274658203 0.0008589491480961442 0.012219443917274475 0.999924898147583 -0.02375812828540802
1522280895.3568163 0.9999371767044067 -0.011117237620055676 -0.0014363493537530303 1.067845344543457 0.01109975203871727 0.9998704195022583 -0.01165478304028511 0.47619396448135376 0.0015657320618629456 0.011638106778264046 0.9999310374259949 -0.025123123079538345
1522280895.4568162 0.9999830722808838 -0.0050270589999854565 -0.002915821736678481 1.0921838283538818 0.004988833796232939 0.9999034404754639 -0.012969693168997765 0.4737424850463867 0.0029807398095726967 0.01295492984354496 0.9999116063117981 -0.026480352506041527
1522280895.556816 0.9999757409095764 -0.005345993209630251 -0.004457562230527401 1.1152311563491821 0.005284566432237625 0.9998924136161804 -0.013678775168955326 0.47167983651161194 0.004530210047960281 0.013654889538884163 0.9998964667320251 -0.02723582834005356
1522280895.656816 0.9999337196350098 -0.008529037237167358 -0.007732868194580078 1.1388506889343262 0.008436047472059727 0.9998926520347595 -0.011978663504123688 0.4711581766605377 0.007834206335246563 0.011912633664906025 0.9998982548713684 -0.027539057657122612
1522280895.756816 0.9999011754989624 -0.0095021678134799 -0.010358047671616077 1.16156804561615 0.009379791095852852 0.9998863935470581 -0.011799853295087814 0.4710010886192322 0.01046899426728487 0.011701530776917934 0.9998766779899597 -0.02739575505256653
1522280895.8568158 0.9998961687088013 -0.008575118146836758 -0.01158092450350523 1.1837679147720337 0.008402151055634022 0.9998536705970764 -0.014902469702064991 0.4697505533695221 0.011707020923495293 0.01480361819267273 0.9998218417167664 -0.026331329718232155
1522280895.9568157 0.9998838305473328 -0.008458591066300869 -0.01267953496426344 1.2067408561706543 0.008210396394133568 0.9997760653495789 -0.019500412046909332 0.46627798676490784 0.012841644696891308 0.0193940419703722 0.9997294545173645 -0.024683427065610886
1522280896.0568156 0.9999088644981384 -0.008485867641866207 -0.010490763932466507 1.227977991104126 0.008236486464738846 0.9996877312660217 -0.023590438067913055 0.4654582142829895 0.010687673464417458 0.02350188046693802 0.9996666312217712 -0.025375204160809517
1522280896.1568155 0.9999281167984009 -0.007850812748074532 -0.009053527377545834 1.2498817443847656 0.007636942435055971 0.9996964931488037 -0.023420600220561028 0.46830877661705017 0.009234650991857052 0.02334977500140667 0.9996846318244934 -0.026965655386447906
1522280896.2568154 0.9999433159828186 -0.0067595248110592365 -0.008227899670600891 1.2704846858978271 0.006632502656430006 0.9998598694801331 -0.015368614345788956 0.46934887766838074 0.008330631069839 0.015313170850276947 0.9998480081558228 -0.02977006882429123
1522280896.3568153 0.9999098181724548 -0.010272255167365074 -0.008637945167720318 1.2908841371536255 0.010190865956246853 0.9999037981033325 -0.009414113126695156 0.46743902564048767 0.008733817376196384 0.00932523887604475 0.9999182224273682 -0.03135158494114876
1522280896.4568152 0.9998401999473572 -0.015121678821742535 -0.009519880637526512 1.3116644620895386 0.015007301233708858 0.999815821647644 -0.011973694898188114 0.46831855177879333 0.00969918817281723 0.011828916147351265 0.9998828768730164 -0.03213485702872276
1522280896.5568151 0.9997738599777222 -0.018885688856244087 -0.009771058335900307 1.3327412605285645 0.01877688430249691 0.9997618794441223 -0.011110115796327591 0.46878358721733093 0.009978552348911762 0.010924133472144604 0.9998905062675476 -0.033926643431186676
1522280896.656815 0.9997996687889099 -0.016781272366642952 -0.01091114804148674 1.3545684814453125 0.01668018288910389 0.9998176693916321 -0.009290770627558231 0.46857061982154846 0.011065070517361164 0.009106909856200218 0.999897301197052 -0.03470509871840477
1522280896.756815 0.9998430013656616 -0.013467533513903618 -0.011520381085574627 1.3762177228927612 0.013386577367782593 0.9998853206634521 -0.007075769826769829 0.46781742572784424 0.011614353395998478 0.006920441519469023 0.9999085664749146 -0.034035928547382355
1522280896.8568149 0.9998616576194763 -0.012039684690535069 -0.011481454595923424 1.398193120956421 0.011922611854970455 0.9998766779899597 -0.010211399756371975 0.4677013158798218 0.011602981947362423 0.010073099285364151 0.9998819231987 -0.032132960855960846
1522280896.9568148 0.9998633861541748 -0.011958087794482708 -0.011404796503484249 1.4206432104110718 0.011789727956056595 0.999822199344635 -0.014716842211782932 0.466542512178421 0.011578751727938652 0.014580375514924526 0.9998266100883484 -0.029718521982431412
1522280897.0568147 0.9998770952224731 -0.010489950887858868 -0.0116460882127285 1.4426440000534058 0.010275742039084435 0.9997797608375549 -0.018302880227565765 0.4646558165550232 0.011835516430437565 0.018180960789322853 0.999764621257782 -0.02700664848089218
1522280897.1568146 0.9998269081115723 -0.01351428497582674 -0.012794396840035915 1.4642338752746582 0.013225720264017582 0.9996621608734131 -0.022376514971256256 0.4644249975681305 0.013092475943267345 0.022203421220183372 0.9996677041053772 -0.024886053055524826
1522280897.2568145 0.9997389912605286 -0.016253402456641197 -0.016057241708040237 1.4866751432418823 0.015900906175374985 0.9996349811553955 -0.021841568872332573 0.46452319622039795 0.016406381502747536 0.021580539643764496 0.9996324777603149 -0.022980496287345886
1522280897.3568144 0.9997043013572693 -0.01509157195687294 -0.019069582223892212 1.5092756748199463 0.014696992002427578 0.9996784925460815 -0.020665157586336136 0.4643052816390991 0.01937532052397728 0.020378777757287025 0.9996046423912048 -0.022111549973487854
1522280897.4568143 0.9997639060020447 -0.006824993062764406 -0.020625069737434387 1.5330843925476074 0.006439626216888428 0.9998044371604919 -0.018693339079618454 0.4636825919151306 0.020748622715473175 0.018556104972958565 0.9996124505996704 -0.021913480013608932
1522280897.5568142 0.9998018145561218 0.0003400089335627854 -0.019906150177121162 1.5545209646224976 -0.0007040632772259414 0.9998324513435364 -0.018284399062395096 0.46344634890556335 0.019896602258086205 0.018294785171747208 0.9996346235275269 -0.02219092845916748
1522280897.656814 0.9997918605804443 0.0008832665625959635 -0.020382815971970558 1.5748897790908813 -0.0012774463975802064 0.9998122453689575 -0.019333921372890472 0.4629831314086914 0.02036191336810589 0.019355935975909233 0.9996052980422974 -0.023021992295980453
1522280897.756814 0.9997150301933289 -0.009019328281283379 -0.022100402042269707 1.5931979417800903 0.008526982739567757 0.9997156262397766 -0.022271469235420227 0.46403369307518005 0.022294990718364716 0.022076673805713654 0.9995076656341553 -0.023364044725894928
1522280897.856814 0.9994389414787292 -0.02069769613444805 -0.026330282911658287 1.6139490604400635 0.020144088193774223 0.9995740056037903 -0.021119888871908188 0.4639764130115509 0.026756202802062035 0.02057763934135437 0.9994301199913025 -0.023373808711767197
1522280897.9568138 0.999209463596344 -0.02756219170987606 -0.028648531064391136 1.6349539756774902 0.027124758809804916 0.9995111227035522 -0.015547127462923527 0.46432217955589294 0.029063042253255844 0.014757752418518066 0.9994686245918274 -0.023192275315523148
1522280898.0568137 0.9992082118988037 -0.024894390255212784 -0.031034957617521286 1.6587694883346558 0.02454141341149807 0.999630331993103 -0.011703134514391422 0.4618676006793976 0.031314827501773834 0.010932225733995438 0.9994498491287231 -0.021550942212343216
1522280898.1568136 0.9992461800575256 -0.020853010937571526 -0.03274889290332794 1.684424638748169 0.020427247509360313 0.9997031092643738 -0.013282145373523235 0.45692089200019836 0.033016130328178406 0.012603161856532097 0.9993753433227539 -0.018957071006298065
1522280898.2568135 0.9993501901626587 -0.015382714569568634 -0.032597094774246216 1.7105365991592407 0.014785856939852238 0.99972003698349 -0.018472770228981972 0.45450320839881897 0.03287212923169136 0.017978787422180176 0.9992977976799011 -0.016543298959732056
1522280898.3568134 0.9994879364967346 -0.008799439296126366 -0.03076501563191414 1.73638916015625 0.008131247945129871 0.9997297525405884 -0.02177732065320015 0.4534037113189697 0.030948327854275703 0.02151601016521454 0.9992893934249878 -0.014379426836967468
1522280898.4568133 0.9996215105056763 -0.004706767853349447 -0.027107324451208115 1.7619059085845947 0.004141217563301325 0.9997733235359192 -0.020881913602352142 0.4542337954044342 0.02719946764409542 0.020761748775839806 0.9994143843650818 -0.013200055807828903
1522280898.5568132 0.9997226595878601 -0.005215751007199287 -0.022961696609854698 1.7871506214141846 0.004933023359626532 0.9999114871025085 -0.012352453544735909 0.4549751579761505 0.023024089634418488 0.012235757894814014 0.9996601343154907 -0.012307848781347275
1522280898.6568131 0.9998006224632263 -0.009229118935763836 -0.01770661771297455 1.811704158782959 0.009080265648663044 0.9999228119850159 -0.0084687490016222 0.4534517824649811 0.017783410847187042 0.00830627977848053 0.9998074173927307 -0.010418828576803207
1522280898.756813 0.9998845458030701 -0.009100234135985374 -0.012158255092799664 1.8369117975234985 0.00893112551420927 0.9998636245727539 -0.013891649432480335 0.45059800148010254 0.01228301227092743 0.013781458139419556 0.9998295903205872 -0.007072543725371361
1522280898.856813 0.9999485015869141 -0.008139987476170063 -0.006051010452210903 1.860032081604004 0.007998046465218067 0.999700665473938 -0.023122552782297134 0.45042192935943604 0.00623741652816534 0.023072965443134308 0.9997143149375916 -0.004325211048126221
1522280898.9568129 0.999955952167511 -0.009271400049328804 -0.001421841443516314 1.8818414211273193 0.009224985726177692 0.9995144009590149 -0.029762549325823784 0.45107901096343994 0.0016970918513834476 0.02974812313914299 0.9995560050010681 -0.002680158242583275
1522280899.0568128 0.9999175071716309 -0.012811772525310516 0.0008242964977398515 1.9029195308685303 0.012830439954996109 0.9994872212409973 -0.02933451533317566 0.4515874683856964 -0.00044804683420807123 0.02934267930686474 0.999569296836853 -0.0028359033167362213
1522280899.1568127 0.999891996383667 -0.014686129055917263 -0.0006145377992652357 1.9250437021255493 0.014669317752122879 0.9996563196182251 -0.021725546568632126 0.44949373602867126 0.0009333908092230558 0.021714184433221817 0.9997637867927551 -0.0033469293266534805
1522280899.2568126 0.9999077916145325 -0.01332646980881691 -0.002595133613795042 1.9471100568771362 0.013282674364745617 0.9997802376747131 -0.016219425946474075 0.44667553901672363 0.0028107110410928726 0.016183461993932724 0.9998650550842285 -0.0023497911170125008
1522280899.3568125 0.9999232292175293 -0.012281814590096474 -0.0016571999294683337 1.9676481485366821 0.012251581996679306 0.999777615070343 -0.01716306060552597 0.4435129463672638 0.0018676245817914605 0.017141439020633698 0.9998513460159302 -0.002767733298242092
1522280899.4568124 0.9998889565467834 -0.01489252783358097 -0.0006268087308853865 1.9884532690048218 0.014881185255944729 0.9997719526290894 -0.015315057709813118 0.4418376088142395 0.0008547460893169045 0.015304027125239372 0.9998825192451477 -0.0030076419934630394
1522280899.5568123 0.9998892545700073 -0.014885329641401768 4.5613967813551426e-05 2.0084657669067383 0.014884734526276588 0.9998106956481934 -0.012521207332611084 0.4399000108242035 0.0001407773233950138 0.012520495802164078 0.9999215602874756 -0.0018382999114692211
1522280899.6568122 0.9999241828918457 -0.012308336794376373 9.776816295925528e-05 2.0282275676727295 0.012308101169764996 0.9997621774673462 -0.018001297488808632 0.4377956986427307 0.0001238210970768705 0.0180011335760355 0.9998379349708557 -0.0011184071190655231
1522280899.756812 0.9999350309371948 -0.011359084397554398 0.0009758117375895381 2.0466907024383545 0.011379669420421124 0.9996321201324463 -0.024620508775115013 0.43477925658226013 -0.0006957863224670291 0.02463000826537609 0.9996963739395142 -0.0007401583716273308
1522280899.856812 0.9998887181282043 -0.014591366983950138 0.0031057014130055904 2.0653722286224365 0.014665747992694378 0.9995684027671814 -0.025451544672250748 0.4361667037010193 -0.0027329884469509125 0.02549426071345806 0.9996711611747742 -0.003241513390094042
